0.000000000000000000e+00 5.726952016384026933e+01 0.000000000000000000e+00 7.871833412363178013e+02 3.052368026935876163e-06 5.455892496589293952e-08 1.303039711282768606e-08 1.361150179217316250e-10 9.889470912660100553e-11 1.415188460004714057e-08 3.223531018753651245e-08 3.261729849869468686e-08 5.680913894466987955e-08 1.843741200625513043e-08 3.614117898138849390e-11 1.879340044133079810e-10 7.508246713862157591e-10 3.242590622822085001e-09 0.000000000000000000e+00 5.329927803551857860e-09 0.000000000000000000e+00 0.000000000000000000e+00 1.829673222870419780e+00
7.732873287130610784e-02 5.727647974979868906e+01 0.000000000000000000e+00 7.871645689221930979e+02 3.052061354343721486e-06 5.455451904461651752e-08 1.302990086606248318e-08 1.361130285802051859e-10 9.889274067857320711e-11 1.415183010669972658e-08 3.223517497773283723e-08 3.261716232985274048e-08 5.680912746992224580e-08 1.843737904757411830e-08 3.607310625131157828e-11 1.877334600262598450e-10 7.503644398231739218e-10 3.242590057107712867e-09 0.000000000000000000e+00 5.330365267029409846e-09 0.000000000000000000e+00 0.000000000000000000e+00 1.831918435208057083e+00
4.473177712323118982e+01 6.129538010493107691e+01 0.000000000000000000e+00 7.763065021423308281e+02 2.880041450432055167e-06 5.204277201183781318e-08 1.273870920047001633e-08 1.349267924867195372e-10 9.772124277455705500e-11 1.411872374037349473e-08 3.215313153976039889e-08 3.253452673671942040e-08 5.680208360197587130e-08 1.841723656653659168e-08 -5.260921063368592524e-12 9.596402243903507260e-11 5.369107393466590942e-10 3.242239352924879589e-09 0.000000000000000000e+00 5.541926930701810104e-09 0.000000000000000000e+00 0.000000000000000000e+00 1.734559207408199022e+00
1.619360130302865173e+02 7.184376133656604679e+01 0.000000000000000000e+00 7.477199429788475982e+02 2.452000212825575817e-06 4.561699693452360523e-08 1.195330614133640346e-08 1.316281146875297507e-10 9.447677048987317654e-11 1.402346322689114176e-08 3.191757694977267585e-08 3.229721657699833147e-08 5.678146432981547848e-08 1.835864095074869078e-08 -4.142397060644833371e-11 -5.012658157583839355e-12 8.090357108601550018e-11 3.241192077999765003e-09 0.000000000000000000e+00 5.928431358872432293e-09 0.000000000000000000e+00 0.000000000000000000e+00 1.491948167850855933e+00
2.791402489373418234e+02 8.239214256820102378e+01 0.000000000000000000e+00 7.190093224888767054e+02 2.055581585982503870e-06 3.943425677727793429e-08 1.113885004881656993e-08 1.280564924485309445e-10 9.098596026243392686e-11 1.391552622716058610e-08 3.165146083835872542e-08 3.202904610733389409e-08 5.675741864176793020e-08 1.829128324635469439e-08 -5.347832045414157431e-11 -3.867155168979013042e-11 -7.109881833419905702e-11 3.239946990127316948e-09 0.000000000000000000e+00 6.085969369765517986e-09 0.000000000000000000e+00 0.000000000000000000e+00 1.267115359108001771e+00
3.963444848443971296e+02 9.294052379983600076e+01 0.000000000000000000e+00 6.901533468776808604e+02 1.693784412689424660e-06 3.355010595625503641e-08 1.029251231376677186e-08 1.241530702039022511e-10 8.720188221281916780e-11 1.379169954114627201e-08 3.134713347000518419e-08 3.172230298673699109e-08 5.672870875344751038e-08 1.821283333409780479e-08 -5.749643707003932117e-11 -4.989118286719222313e-11 -2.078117103799596977e-10 3.238446833046058962e-09 0.000000000000000000e+00 6.013631806916882834e-09 0.000000000000000000e+00 0.000000000000000000e+00 1.061538589007350986e+00
5.135487207514524926e+02 1.034889050314709777e+02 0.000000000000000000e+00 6.611342422735413038e+02 1.367357176450195374e-06 2.801053938501419440e-08 9.415636809787015491e-09 1.198736434925669891e-10 8.309535786621020336e-11 1.364901691527028756e-08 3.099757931753859532e-08 3.136991040262839639e-08 5.669405392588596242e-08 1.812104989365340212e-08 -5.883580927533857444e-11 -5.363105992632625188e-11 -2.533826743952132876e-10 3.236633707106132619e-09 0.000000000000000000e+00 5.738722228593365738e-09 0.000000000000000000e+00 0.000000000000000000e+00 8.754999325745324024e-01
7.440717756998097911e+02 1.242359799768231312e+02 0.000000000000000000e+00 6.060928061022871134e+02 8.384649241085507925e-07 1.848776754014273782e-08 7.660011421303362454e-09 1.104041726319813353e-10 7.420731491919011763e-11 1.330838680678856210e-08 3.016685371457943823e-08 3.053227865124721170e-08 5.660348770683883050e-08 1.789698662138285747e-08 -6.056292780784211069e-11 -5.845362601554268667e-11 -3.121463669546022915e-10 3.232023249545290518e-09 0.000000000000000000e+00 4.757881684262393197e-09 0.000000000000000000e+00 0.000000000000000000e+00 5.723696381029026448e-01
9.745948306481670897e+02 1.449830549221752847e+02 0.000000000000000000e+00 5.552196919761950085e+02 4.562904255417481098e-07 1.099777170821396664e-08 5.934017617836895292e-09 9.973949526698040940e-11 6.454072683202513465e-11 1.289679336970740844e-08 2.916603275856136327e-08 2.952308028452983312e-08 5.648000797609491977e-08 1.762216476585228048e-08 -6.113863398534328513e-11 -6.006114804528149611e-11 -3.317342644743986089e-10 3.226324229322686011e-09 0.000000000000000000e+00 3.368503202209412534e-09 0.000000000000000000e+00 0.000000000000000000e+00 3.512308421735483299e-01
1.205117885596524502e+03 1.657301298675274381e+02 0.000000000000000000e+00 5.107287401875096293e+02 2.076532975246270136e-07 5.870299824028936108e-09 4.418737224121405076e-09 8.910083547365318804e-11 5.532529974398367670e-11 1.249341013556221322e-08 2.817965848158119267e-08 2.852892676533891224e-08 5.634181765581598114e-08 1.735973513117702412e-08 -6.133053604451035190e-11 -6.059698872186110357e-11 -3.382635636476640653e-10 3.221453509875359596e-09 0.000000000000000000e+00 2.224479216076932984e-09 0.000000000000000000e+00 0.000000000000000000e+00 2.059896982787740582e-01
1.262748649333613912e+03 1.709168986038654907e+02 0.000000000000000000e+00 5.008036166669062936e+02 1.658028897449548761e-07 4.952279640301827694e-09 4.091773573315008822e-09 8.662989033020862982e-11 5.325848521617199817e-11 1.240510004399477847e-08 2.796194160809095178e-08 2.830964786201778399e-08 5.630868927676269009e-08 1.730441525585384948e-08 -6.133453400407633622e-11 -6.060815206928984781e-11 -3.383995907137737612e-10 3.220560034124374048e-09 0.000000000000000000e+00 1.884084782302041748e-09 0.000000000000000000e+00 0.000000000000000000e+00 1.812721149748482419e-01
1.320379413070703322e+03 1.761036673402035433e+02 0.000000000000000000e+00 4.916833645684720864e+02 1.309846571839775458e-07 4.200949952535636595e-09 3.816643476723901096e-09 8.456004778277308334e-11 5.156502565088999985e-11 1.233945454771906996e-08 2.779813397698872362e-08 2.814487991210602450e-08 5.628263555151846597e-08 1.726544489573583162e-08 -6.133586665726499336e-11 -6.061187318509942061e-11 -3.384449330691436598e-10 3.220021397621419239e-09 0.000000000000000000e+00 1.567785749370411030e-09 0.000000000000000000e+00 0.000000000000000000e+00 1.607293074319816606e-01
1.378010176807792732e+03 1.812904360765415959e+02 0.000000000000000000e+00 4.843756690273344816e+02 1.032401213915406942e-07 3.701440416818027882e-09 3.653240399236354938e-09 8.343043346266159500e-11 5.067813957055573561e-11 1.231188474697630760e-08 2.772795854804054915e-08 2.807458033148381941e-08 5.627104932103911944e-08 1.725014715683366863e-08 -6.133631087499455435e-11 -6.061311355703594057e-11 -3.384600471876002927e-10 3.219831878013161939e-09 0.000000000000000000e+00 1.233590304673969337e-09 0.000000000000000000e+00 0.000000000000000000e+00 1.444643320991375601e-01
1.435640940544882142e+03 1.864772048128796484e+02 0.000000000000000000e+00 4.786402477772602424e+02 8.007801294005414653e-08 3.349014484464979808e-09 3.551765151428689949e-09 8.278904032102497730e-11 5.020157771899820097e-11 1.230062964852011333e-08 2.769857302357416268e-08 2.804535942236886239e-08 5.626596906039724334e-08 1.724435458100193704e-08 -6.133645894757107899e-11 -6.061352701434810527e-11 -3.384650852270858370e-10 3.219766967241579598e-09 0.000000000000000000e+00 9.013837162351997012e-10 0.000000000000000000e+00 0.000000000000000000e+00 1.309659254410070472e-01
1.493271704281971552e+03 1.916639735492177010e+02 0.000000000000000000e+00 4.740077861889486712e+02 6.041679233122562071e-08 3.064759328320360741e-09 3.476915611941314430e-09 8.234992162091350269e-11 4.989429161000676976e-11 1.229547400178313254e-08 2.768457735151277390e-08 2.803162659691399351e-08 5.626338452055051229e-08 1.724198836012795498e-08 -6.133650830509659151e-11 -6.061366483345216017e-11 -3.384667645735810357e-10 3.219744453342049620e-09 0.000000000000000000e+00 6.103513646745771665e-10 0.000000000000000000e+00 0.000000000000000000e+00 1.195179177531606740e-01
1.550902468019060962e+03 1.968507422855557536e+02 0.000000000000000000e+00 4.702210613024724921e+02 4.392235055096024376e-08 2.812317772953113634e-09 3.413033537812289054e-09 8.199236244260263163e-11 4.965631147917639344e-11 1.229260836880961036e-08 2.767640344918240429e-08 2.802375989681495551e-08 5.626175093024489244e-08 1.724086042977358248e-08 -6.133652475760509569e-11 -6.061371077315351181e-11 -3.384673243557460847e-10 3.219736345142371062e-09 0.000000000000000000e+00 3.831837705786068482e-10 0.000000000000000000e+00 0.000000000000000000e+00 1.099305462746321405e-01
1.608533231756150371e+03 2.020375110218938062e+02 0.000000000000000000e+00 4.671336268790261101e+02 3.052733628523215161e-08 2.575132168808673728e-09 3.353173796057008157e-09 8.166539187604926317e-11 4.944622467004081351e-11 1.229061869715970652e-08 2.767046006999011075e-08 2.801815713217012797e-08 5.626047887646348655e-08 1.724018749685065481e-08 -6.133653024177459708e-11 -6.061372608638729568e-11 -3.384675109498011355e-10 3.219733150387229484e-09 0.000000000000000000e+00 2.297019088600725791e-10 0.000000000000000000e+00 0.000000000000000000e+00 1.021365357802136026e-01
1.713482106309935944e+03 2.114829097317345088e+02 0.000000000000000000e+00 4.620214974795438252e+02 1.288574477167480143e-08 2.136021029065271091e-09 3.234578728129212902e-09 8.102424389100113354e-11 4.904481705962416216e-11 1.228715579032448936e-08 2.765981822442981901e-08 2.800830192955928299e-08 5.625809238703460192e-08 1.723909640841414142e-08 -6.133653630406079661e-11 -6.061374301387393235e-11 -3.384677172137696968e-10 3.219729093171818150e-09 0.000000000000000000e+00 1.373515670032421110e-11 0.000000000000000000e+00 0.000000000000000000e+00 9.177089643138502950e-02
1.739719324948382337e+03 2.138442594091946773e+02 0.000000000000000000e+00 4.609002733764210689e+02 9.946653354163311701e-09 2.026604951466519197e-09 3.203491008093575149e-09 8.085755647845966173e-11 4.894273749871503439e-11 1.228636991130000393e-08 2.765731924802222186e-08 2.800603222836002605e-08 5.625750295346053271e-08 1.723887474151614645e-08 -6.133653643035842899e-11 -6.061374336652990126e-11 -3.384677215109357042e-10 3.219728697475016296e-09 0.000000000000000000e+00 -5.552140587843874232e-13 0.000000000000000000e+00 0.000000000000000000e+00 9.003260842495966476e-02
1.765956543586828730e+03 2.162056090866548459e+02 0.000000000000000000e+00 4.598253515187265634e+02 7.544033803003218620e-09 1.918389434337453244e-09 3.171654372917286656e-09 8.068646800594029222e-11 4.883845137892440146e-11 1.228557325041823782e-08 2.765477331279873799e-08 2.800372878987228189e-08 5.625689688917773862e-08 1.723865226319245431e-08 -6.133653647245763117e-11 -6.061374348408189520e-11 -3.384677229433243561e-10 3.219728333928778083e-09 0.000000000000000000e+00 -2.141529841467904590e-12 0.000000000000000000e+00 0.000000000000000000e+00 8.859990859200909952e-02
1.811234497578618175e+03 2.202806249459158892e+02 0.000000000000000000e+00 4.580485005747622154e+02 4.435225936675570119e-09 1.737292626027661601e-09 3.115280271982615219e-09 8.038161067308236716e-11 4.865341780575479573e-11 1.228415990781712714e-08 2.765023987958472403e-08 2.799964095550527719e-08 5.625581109441976874e-08 1.723825901428301871e-08 -6.133653651424939358e-11 -6.061374360077540491e-11 -3.384677243652523786e-10 3.219727704761055251e-09 0.000000000000000000e+00 -8.331670913008103670e-12 0.000000000000000000e+00 0.000000000000000000e+00 8.670622346827690230e-02
1.856512451570407620e+03 2.243556408051769324e+02 0.000000000000000000e+00 4.563484123029911075e+02 2.410582062237401794e-09 1.565307135530953589e-09 3.057520299224449207e-09 8.006623711319950549e-11 4.846278721636622698e-11 1.228270096182715545e-08 2.764554405275663492e-08 2.799542058331527598e-08 5.625467550961695129e-08 1.723785433380633574e-08 -6.133653652817998105e-11 -6.061374363967323718e-11 -3.384677248392283688e-10 3.219727068878011785e-09 0.000000000000000000e+00 -1.039505127018817057e-11 0.000000000000000000e+00 0.000000000000000000e+00 8.543912844227782855e-02
1.901790405562197066e+03 2.284306566644379757e+02 0.000000000000000000e+00 4.547062245262470128e+02 1.284648638978974621e-09 1.403844608040776443e-09 2.998756499499402508e-09 7.974176224253752081e-11 4.826725741298951298e-11 1.228119864113502651e-08 2.764069713386309035e-08 2.799107508365162364e-08 5.625349201052717580e-08 1.723743822091643786e-08 -6.133653653282351452e-11 -6.061374365263917696e-11 -3.384677249972203311e-10 3.219726418521805686e-09 0.000000000000000000e+00 -1.108284472258152620e-11 0.000000000000000000e+00 0.000000000000000000e+00 8.468539972197533516e-02
1.947068359553986511e+03 2.325056725236990189e+02 0.000000000000000000e+00 4.530984154100548835e+02 7.127573419591357848e-10 1.255102346424813788e-09 2.939770998352351740e-09 7.941176530239310612e-11 4.806875541942446323e-11 1.227966666423711033e-08 2.763574810008664308e-08 2.798664432578696038e-08 5.625227483737874469e-08 1.723701413992541773e-08 -6.133653653437135039e-11 -6.061374365696115688e-11 -3.384677250498843358e-10 3.219725756628284167e-09 0.000000000000000000e+00 -1.131210920671264367e-11 0.000000000000000000e+00 0.000000000000000000e+00 8.424689672340697488e-02
1.992346313545775956e+03 2.365806883829600622e+02 0.000000000000000000e+00 4.515084062120455428e+02 4.229153925982251367e-10 1.120098414174808923e-09 2.881191786955503404e-09 7.907926326764312218e-11 4.786892575805465228e-11 1.227811752238113359e-08 2.763074057274532303e-08 2.798216433256301347e-08 5.625103752777347146e-08 1.723658538508061076e-08 -6.133653653488729137e-11 -6.061374365840182117e-11 -3.384677250674390212e-10 3.219725087654247565e-09 0.000000000000000000e+00 -1.138853070142301777e-11 0.000000000000000000e+00 0.000000000000000000e+00 8.397165346720972257e-02
2.064466103995824596e+03 2.430714695234644296e+02 0.000000000000000000e+00 4.489963202538314704e+02 2.808956385623276779e-10 9.321284471225716802e-10 2.789313452738523715e-09 7.854740401627156374e-11 4.754948892182968951e-11 1.227562665128352075e-08 2.762268612851512539e-08 2.797496193412025741e-08 5.624903508288630734e-08 1.723589599962612054e-08 -6.133653653500628906e-11 -6.061374365873410220e-11 -3.384677250714878635e-10 3.219724012052408393e-09 0.000000000000000000e+00 -1.140615688005739979e-11 0.000000000000000000e+00 0.000000000000000000e+00 8.373364464221154380e-02
2.136585894445873237e+03 2.495622506639687970e+02 0.000000000000000000e+00 4.464858816128793251e+02 1.131763717660054324e-10 7.752515193298266785e-10 2.700085901632782012e-09 7.801759707525189813e-11 4.723128673513487547e-11 1.227312805038433168e-08 2.761460823315608593e-08 2.796773838451403282e-08 5.624701268187014957e-08 1.723520433349427918e-08 -6.133653653487736521e-11 -6.061374365837414939e-11 -3.384677250671017383e-10 3.219722933091422668e-09 0.000000000000000000e+00 -1.138706252503399558e-11 0.000000000000000000e+00 0.000000000000000000e+00 8.349942838680804447e-02
2.208705684895921877e+03 2.560530318044731644e+02 0.000000000000000000e+00 4.439815626431852138e+02 1.531804264101828989e-11 6.445931010263631191e-10 2.613303430114416697e-09 7.748898590457157667e-11 4.691385425919060638e-11 1.227061782925665705e-08 2.760649314369910393e-08 2.796048230971661946e-08 5.624496840430333260e-08 1.723450932734312605e-08 -6.133653653477369621e-11 -6.061374365808466202e-11 -3.384677250635743817e-10 3.219721848886810000e-09 0.000000000000000000e+00 -1.137170681208557726e-11 0.000000000000000000e+00 0.000000000000000000e+00 8.331782514150271046e-02
2.280825475345970517e+03 2.625438129449775602e+02 0.000000000000000000e+00 4.414797812912351560e+02 -6.007645731094390437e-11 5.358493286515106014e-10 2.529003325830616802e-09 7.696211077269275372e-11 4.659748574048136487e-11 1.226809813042534496e-08 2.759834878852670915e-08 2.795320028382123550e-08 5.624289998717937945e-08 1.723381153969731259e-08 -6.133653653473116103e-11 -6.061374365796589698e-11 -3.384677250621271775e-10 3.219720760322683774e-09 0.000000000000000000e+00 -1.136540669566811153e-11 0.000000000000000000e+00 0.000000000000000000e+00 8.317093676768706756e-02
2.431023552896645015e+03 2.760616399245382695e+02 0.000000000000000000e+00 4.362777275754067432e+02 -1.089833352918819373e-10 3.571402287010658352e-10 2.361080721207643349e-09 7.587098379427182401e-11 4.594237946766371220e-11 1.226282346003497253e-08 2.758130350562948328e-08 2.793796050571360524e-08 5.623852120645108674e-08 1.723235032487235409e-08 -6.133653653466966532e-11 -6.061374365779419238e-11 -3.384677250600348759e-10 3.219718480821561962e-09 0.000000000000000000e+00 -1.135629818952454167e-11 0.000000000000000000e+00 0.000000000000000000e+00 8.294622070997642593e-02
2.660670264559183579e+03 2.967298439741667266e+02 0.000000000000000000e+00 4.283305820074816666e+02 -1.581965964078634311e-10 1.698985448932500248e-10 2.123984446287262389e-09 7.422391143777463017e-11 4.495350290914506319e-11 1.225471372662623348e-08 2.755510796073118092e-08 2.791453812543445271e-08 5.623168865630202213e-08 1.723010243895040541e-08 -6.133653653462175347e-11 -6.061374365766038299e-11 -3.384677250584045029e-10 3.219714974627203112e-09 0.000000000000000000e+00 -1.134920048991523898e-11 0.000000000000000000e+00 0.000000000000000000e+00 8.266645944613773556e-02
2.890316976221722143e+03 3.173980480237951838e+02 0.000000000000000000e+00 4.203881594126788741e+02 -1.746010167798572624e-10 6.871914304474080272e-11 1.909135687793984494e-09 7.260279814082707241e-11 4.398021984634528552e-11 1.224655217447473321e-08 2.752875960334913585e-08 2.789097701425643538e-08 5.622468337788232584e-08 1.722783860015736812e-08 -6.133653653460579147e-11 -6.061374365761577986e-11 -3.384677250578610452e-10 3.219711444186904997e-09 0.000000000000000000e+00 -1.134683459004547087e-11 0.000000000000000000e+00 0.000000000000000000e+00 8.246987140847944486e-02
3.339504714502880233e+03 3.578249444690994210e+02 0.000000000000000000e+00 4.048388183615207936e+02 -1.955216563852569793e-10 -2.407124923854649819e-11 1.545235522470370381e-09 6.951075573013762214e-11 4.212369582806711699e-11 1.223046238149222206e-08 2.747686542705118028e-08 2.784456371101288787e-08 5.621044488706404297e-08 1.722337069613629774e-08 -6.133653653458542215e-11 -6.061374365755891120e-11 -3.384677250571679713e-10 3.219704478345931243e-09 0.000000000000000000e+00 -1.134381734607125692e-11 0.000000000000000000e+00 0.000000000000000000e+00 8.218964464418643256e-02
3.788692452784038323e+03 3.982518409144036582e+02 0.000000000000000000e+00 3.892410113436930033e+02 -2.024952029203902269e-10 -1.098553476793434344e-10 1.245633574703211599e-09 6.652367401636419938e-11 4.032992823138152170e-11 1.221421154290820158e-08 2.742452877080750355e-08 2.779774203945752668e-08 5.619536683930204989e-08 1.721885099618024108e-08 -6.133653653457863668e-11 -6.061374365753995067e-11 -3.384677250569369294e-10 3.219697433600823380e-09 0.000000000000000000e+00 -1.134281159807985281e-11 0.000000000000000000e+00 0.000000000000000000e+00 8.197538541869926754e-02
4.548889444874485889e+03 4.666695702025439232e+02 0.000000000000000000e+00 3.627297140808882432e+02 -2.043109590827952551e-10 -1.740632869834746974e-10 8.552639865865378641e-10 6.170322742812688038e-11 3.743457416956815219e-11 1.218635922076080012e-08 2.733500272560554010e-08 2.771761971821870922e-08 5.616788128918218553e-08 1.721108836250661875e-08 -6.133653653457686600e-11 -6.061374365753501343e-11 -3.384677250568767520e-10 3.219685338858645848e-09 0.000000000000000000e+00 -1.134254972370875391e-11 0.000000000000000000e+00 0.000000000000000000e+00 8.170852035967826610e-02
6.568832134986081655e+03 6.484644123125875694e+02 0.000000000000000000e+00 2.911292953276310413e+02 -1.701974789541680836e-10 -3.205322992689038991e-10 2.915216351337930380e-10 5.021662155431139322e-11 3.053076369098412711e-11 1.210984990970592460e-08 2.709045251543654353e-08 2.749857373161806409e-08 5.607620813032464027e-08 1.718964766991525477e-08 -6.133653653461008247e-11 -6.061374365762776106e-11 -3.384677250580068875e-10 3.219651948426665607e-09 0.000000000000000000e+00 -1.134746968286387414e-11 0.000000000000000000e+00 0.000000000000000000e+00 8.141995131627023652e-02
8.588774825097676512e+03 8.302592544226311020e+02 0.000000000000000000e+00 2.171461266733332707e+02 -1.341212074757772827e-10 -4.451746987955051627e-10 1.524632460754671082e-10 4.042910960444058922e-11 2.464114202690896252e-11 1.202871225012178230e-08 2.683372487346163117e-08 2.726837617376385644e-08 5.593621510048778458e-08 1.716670622406222720e-08 -6.133653653464519887e-11 -6.061374365772584658e-11 -3.384677250592021118e-10 3.219616217536500014e-09 0.000000000000000000e+00 -1.135267272229208440e-11 0.000000000000000000e+00 0.000000000000000000e+00 8.157864134630016251e-02
1.060871751520927137e+04 1.012054096532674635e+03 0.000000000000000000e+00 1.400916680766408717e+02 -1.173660311038243960e-10 -4.978618598969006104e-10 1.187378452893487203e-10 3.215378784286784926e-11 1.965368720951823850e-11 1.194183727665720771e-08 2.656215524884595127e-08 2.702462944834705884e-08 5.570365213597373112e-08 1.714189045943278842e-08 -6.133653653466150984e-11 -6.061374365777140614e-11 -3.384677250597572017e-10 3.219577528084000430e-09 0.000000000000000000e+00 -1.135508920935456028e-11 0.000000000000000000e+00 0.000000000000000000e+00 8.184893546776279838e-02
1.153662655242923393e+04 1.095565909882471260e+03 0.000000000000000000e+00 1.037570838620396216e+02 -1.167577187340849827e-10 -4.995482841889835388e-10 9.115264409670584487e-11 2.883157112991086502e-11 1.764861905357200604e-11 1.190020646820565251e-08 2.643303984455500370e-08 2.690863869270064254e-08 5.556234278802756144e-08 1.712991267735521488e-08 -6.133653653466209145e-11 -6.061374365777306050e-11 -3.384677250597773642e-10 3.219558845631086818e-09 0.000000000000000000e+00 -1.135517694218045118e-11 0.000000000000000000e+00 0.000000000000000000e+00 8.173520730604581785e-02
1.246453558964919648e+04 1.179077723232267772e+03 0.000000000000000000e+00 6.699129947635579185e+01 -1.170739645105530930e-10 -4.984651016484544582e-10 5.793701132462904997e-11 2.580115687178657508e-11 1.581789248737362916e-11 1.185779248024441175e-08 2.630201722431520082e-08 2.679084944826964467e-08 5.539986807551753745e-08 1.711765769023787239e-08 -6.133653653466178126e-11 -6.061374365777220747e-11 -3.384677250597668694e-10 3.219539733497326729e-09 0.000000000000000000e+00 -1.135513133216654082e-11 0.000000000000000000e+00 0.000000000000000000e+00 8.166760243174973899e-02
1.269651284895418758e+04 1.199955676569716843e+03 0.000000000000000000e+00 5.771165619028143112e+01 -1.170818435869430210e-10 -4.984396660619137330e-10 5.020747046267248351e-11 2.508445780047528339e-11 1.538465642842061959e-11 1.184700984423792352e-08 2.626881375264789566e-08 2.676098809349114908e-08 5.535378609886130336e-08 1.711453258763669846e-08 -6.133653653466178126e-11 -6.061374365777219455e-11 -3.384677250597666109e-10 3.219534857981997030e-09 0.000000000000000000e+00 -1.135513019582003182e-11 0.000000000000000000e+00 0.000000000000000000e+00 8.176351496774458827e-02
1.292849010825917867e+04 1.220833629907165914e+03 0.000000000000000000e+00 4.831313441844488921e+01 -1.170816351543013327e-10 -4.984407917610539696e-10 4.353579211166991237e-11 2.437566056012446600e-11 1.495609737926468409e-11 1.183597669187833386e-08 2.623496631638905572e-08 2.673055175897347514e-08 5.529876613958010686e-08 1.711132755340105352e-08 -6.133653653466178126e-11 -6.061374365777219455e-11 -3.384677250597666109e-10 3.219529852196399756e-09 0.000000000000000000e+00 -1.135513022588087872e-11 0.000000000000000000e+00 0.000000000000000000e+00 8.204616298366007587e-02
1.303214543779763699e+04 1.230162609565627235e+03 0.000000000000000000e+00 4.407096442443362605e+01 -1.170814720750763804e-10 -4.984413518857798944e-10 4.087045468870999689e-11 2.406107645713768160e-11 1.476586067153580338e-11 1.183095510012410764e-08 2.621960629912658439e-08 2.671674144038117798e-08 5.527075610466190630e-08 1.710986624012991572e-08 -6.133653653466178126e-11 -6.061374365777219455e-11 -3.384677250597666626e-10 3.219527567690230982e-09 0.000000000000000000e+00 -1.135513024940070446e-11 0.000000000000000000e+00 0.000000000000000000e+00 8.208895797885841505e-02
1.313580076733609530e+04 1.239491589224088557e+03 0.000000000000000000e+00 3.980342365983002395e+01 -1.170814157689990487e-10 -4.984415325771060955e-10 3.837560069308134279e-11 2.374783260270381884e-11 1.457641900014152587e-11 1.182587579358715121e-08 2.620409730651233390e-08 2.670279816523386966e-08 5.524036197346685166e-08 1.710838645383642564e-08 -6.133653653466178126e-11 -6.061374365777219455e-11 -3.384677250597666626e-10 3.219525252752295508e-09 0.000000000000000000e+00 -1.135513025752135302e-11 0.000000000000000000e+00 0.000000000000000000e+00 8.219562437049438008e-02
1.316388515794130035e+04 1.242019184378556929e+03 0.000000000000000000e+00 3.864264852940905115e+01 -1.170814153650225974e-10 -4.984415336957189815e-10 3.772480712164756808e-11 2.366318110979080051e-11 1.452522137485162505e-11 1.182448922027639477e-08 2.619986854001050036e-08 2.669899650389791354e-08 5.523166970468443973e-08 1.710798219478027628e-08 -6.133653653466178126e-11 -6.061374365777219455e-11 -3.384677250597666626e-10 3.219524620057562638e-09 0.000000000000000000e+00 -1.135513025757961594e-11 0.000000000000000000e+00 0.000000000000000000e+00 8.221974498942823117e-02
1.317942700837204575e+04 1.243417950917324106e+03 0.000000000000000000e+00 3.799912698931283472e+01 -1.170814154336737544e-10 -4.984415334642224575e-10 3.736869032454680374e-11 2.361632196015627502e-11 1.449688102395880751e-11 1.182371879444254592e-08 2.619752013942786660e-08 2.669688536259914504e-08 5.522673355385217919e-08 1.710775749145159181e-08 -6.133653653466178126e-11 -6.061374365777219455e-11 -3.384677250597666626e-10 3.219524268259044401e-09 0.000000000000000000e+00 -1.135513025756971401e-11 0.000000000000000000e+00 0.000000000000000000e+00 8.225470797267654677e-02
1.318933678438600509e+04 1.244309830758580347e+03 0.000000000000000000e+00 3.675785958469338510e+01 -1.170814154486379946e-10 -4.984415334172169886e-10 3.657341004790761290e-11 2.340569455940739667e-11 1.432289809096766552e-11 1.178155514583487482e-08 2.610276438885043902e-08 2.660172176203711446e-08 5.508158097731078514e-08 1.707321250937857709e-08 -6.133653653466178126e-11 -6.061374365777219455e-11 -3.384677250597666626e-10 3.218454823657046709e-09 0.000000000000000000e+00 -1.135513025756755558e-11 0.000000000000000000e+00 0.000000000000000000e+00 8.206997606439073167e-02
1.319924656039996444e+04 1.245201710599836588e+03 0.000000000000000000e+00 3.495706167962473643e+01 -1.170814154510594882e-10 -4.984415334107248616e-10 3.543342304852762258e-11 2.307894036069390083e-11 1.404920826817608981e-11 1.171069389408808703e-08 2.594412798641486044e-08 2.644230383976160957e-08 5.483765330680237743e-08 1.701425319220822068e-08 -6.133653653466178126e-11 -6.061374365777219455e-11 -3.384677250597666626e-10 3.216560885765881999e-09 0.000000000000000000e+00 -1.135513025756720500e-11 0.000000000000000000e+00 0.000000000000000000e+00 8.168091050322852376e-02
1.320915633641392378e+04 1.246093590441092829e+03 0.000000000000000000e+00 3.291718767701846815e+01 -1.170814154498796444e-10 -4.984415334151400415e-10 3.419698118059026937e-11 2.271072581509862516e-11 1.374081498198113975e-11 1.162736546450252955e-08 2.575811305198887495e-08 2.625536497149716239e-08 5.454688345836418772e-08 1.694389445647177144e-08 -6.133653653466178126e-11 -6.061374365777219455e-11 -3.384677250597666626e-10 3.214211332014983577e-09 0.000000000000000000e+00 -1.135513025756737464e-11 0.000000000000000000e+00 0.000000000000000000e+00 8.124207567192365254e-02
1.321906611242788313e+04 1.246985470282349070e+03 0.000000000000000000e+00 3.080165255059786134e+01 -1.170814154486885818e-10 -4.984415334191300506e-10 3.298473463455826665e-11 2.233881694100682552e-11 1.343052681322065274e-11 1.154026218256485279e-08 2.556415643911417498e-08 2.606045300278530430e-08 5.423911862242343199e-08 1.686928624078132996e-08 -6.133653653466178126e-11 -6.061374365777219455e-11 -3.384677250597666626e-10 3.211623887774005148e-09 0.000000000000000000e+00 -1.135513025756754751e-11 0.000000000000000000e+00 0.000000000000000000e+00 8.075328828075947762e-02
1.322897588844184247e+04 1.247877350123605311e+03 0.000000000000000000e+00 2.865703643239713116e+01 -1.170814154481451500e-10 -4.984415334208664061e-10 3.182940065029113813e-11 2.197440241836714920e-11 1.312804822715797464e-11 1.145220681859935822e-08 2.536850363479308034e-08 2.586383742526307890e-08 5.392614243911821986e-08 1.679282036458726230e-08 -6.133653653466178126e-11 -6.061374365777219455e-11 -3.384677250597666626e-10 3.208875650697246716e-09 0.000000000000000000e+00 -1.135513025756762667e-11 0.000000000000000000e+00 0.000000000000000000e+00 8.024060217888090429e-02
1.323888566445580182e+04 1.248769229964861552e+03 0.000000000000000000e+00 2.648391200797185974e+01 -1.170814154480159030e-10 -4.984415334212458752e-10 3.072927581571469539e-11 2.161817481134184022e-11 1.283392730261076425e-11 1.136366022833308922e-08 2.517212214047716632e-08 2.566648503455828789e-08 5.361035878143533092e-08 1.671496238257641221e-08 -6.133653653466178126e-11 -6.061374365777219455e-11 -3.384677250597666626e-10 3.205986387543945517e-09 0.000000000000000000e+00 -1.135513025756764606e-11 0.000000000000000000e+00 0.000000000000000000e+00 7.972909353298970880e-02
1.324879544046976116e+04 1.249661109806117793e+03 0.000000000000000000e+00 2.426495753287047563e+01 -1.170814154480324466e-10 -4.984415334211716357e-10 2.967990481178972563e-11 2.126963555109803308e-11 1.254805591180402426e-11 1.127506753380862201e-08 2.497612320177810514e-08 2.546961782545981493e-08 5.326420278182810405e-08 1.663630306695088855e-08 -6.133653653466178126e-11 -6.061374365777219455e-11 -3.384677250597666626e-10 3.203002030281999053e-09 0.000000000000000000e+00 -1.135513025756764283e-11 0.000000000000000000e+00 0.000000000000000000e+00 7.947246100549891501e-02
1.326583339889400850e+04 1.251194526064300135e+03 0.000000000000000000e+00 2.031921870436210042e+01 -1.170814154480487576e-10 -4.984415334210984303e-10 2.799067383463317952e-11 2.069111730475258928e-11 1.207764133291079811e-11 1.112432037552023376e-08 2.464367577136747867e-08 2.513595626255797912e-08 5.258594940670913516e-08 1.650101728913254798e-08 -6.133653653466178126e-11 -6.061374365777219455e-11 -3.384677250597666626e-10 3.197748061109645925e-09 0.000000000000000000e+00 -1.135513025756763960e-11 0.000000000000000000e+00 0.000000000000000000e+00 7.877222046375796649e-02
1.330160134912366993e+04 1.254413641584969810e+03 0.000000000000000000e+00 1.143300947932623046e+01 -1.170814154480726942e-10 -4.984415334209910002e-10 2.491195188216830938e-11 1.957909638744464593e-11 1.118627847015711782e-11 1.082064685710791222e-08 2.397691569351092509e-08 2.446723948777672419e-08 5.100309705151538380e-08 1.622267648823641985e-08 -6.133653653466178126e-11 -6.061374365777219455e-11 -3.384677250597666626e-10 3.186387634764239987e-09 0.000000000000000000e+00 -1.135513025756763475e-11 0.000000000000000000e+00 0.000000000000000000e+00 7.698777418863235467e-02
1.331804208686641141e+04 1.255893307981816406e+03 0.000000000000000000e+00 7.030107976303177963e+00 -1.170814154480743744e-10 -4.984415334209833488e-10 2.371662132990523629e-11 1.912060120915975444e-11 1.082479663251522198e-11 1.068945831276743793e-08 2.369028536215602445e-08 2.418006560368229693e-08 5.018717452124297326e-08 1.610000024435154705e-08 -6.133653653466178126e-11 -6.061374365777219455e-11 -3.384677250597666626e-10 3.181159135274268045e-09 0.000000000000000000e+00 -1.135513025756763313e-11 0.000000000000000000e+00 0.000000000000000000e+00 7.621549992485007752e-02
1.333448282460915289e+04 1.257372974378663002e+03 0.000000000000000000e+00 2.339211692891029593e+00 -1.170814154480749430e-10 -4.984415334209807638e-10 2.267381151361327076e-11 1.870744383795464631e-11 1.050175242888911601e-11 1.056781208592225987e-08 2.342509391465776765e-08 2.391443118237234778e-08 4.939530250717334873e-08 1.598476249086432873e-08 -6.133653653466178126e-11 -6.061374365777219455e-11 -3.384677250597666626e-10 3.176092875992819008e-09 0.000000000000000000e+00 -1.135513025756763313e-11 0.000000000000000000e+00 0.000000000000000000e+00 7.531246132104894853e-02
1.334114693933951276e+04 1.257972744704395382e+03 0.000000000000000000e+00 3.586125329185114174e-01 -1.170814154480749689e-10 -4.984415334209806604e-10 2.229909995826407932e-11 1.855532094814626915e-11 1.038351498669745477e-11 1.052203218910350697e-08 2.332544231048137342e-08 2.381462037128184416e-08 4.909170992839241763e-08 1.594096232150151430e-08 -6.133653653466178126e-11 -6.061374365777219455e-11 -3.384677250597666626e-10 3.174120574824437090e-09 0.000000000000000000e+00 -1.135513025756763313e-11 0.000000000000000000e+00 0.000000000000000000e+00 7.495493108101340674e-02
