0.000000000000000000e+00 1.011512615090095011e+02 0.000000000000000000e+00 7.916343692768338087e+02 3.378052434192286384e-09 7.967145564216330049e-09 7.350530547348699214e-09 1.368712118688419480e-10 1.381017886697008736e-10 9.375709506283520448e-08 1.637830525396979561e-07 1.873398760307621014e-07 2.103896528967613267e-07 2.586261430398200960e-07 2.236564920167230897e-07 3.356357315068452247e-07 4.184855134060052979e-07 3.769479891912362246e-07 0.000000000000000000e+00 2.537240246168821171e-10 0.000000000000000000e+00 0.000000000000000000e+00 1.274671806196834956e+00
1.184749921000894518e-01 1.011619242582985123e+02 0.000000000000000000e+00 7.916258825566836776e+02 3.376082165795105667e-09 7.966327029807534446e-09 7.350396911717319863e-09 1.368706042922096692e-10 1.381011992223963941e-10 9.375708525092207669e-08 1.637830270700684681e-07 1.873398510543831391e-07 2.103896506821384172e-07 2.586261376962821492e-07 2.236503316756722037e-07 3.356337157387335627e-07 4.184848716418915863e-07 3.769479891203922418e-07 0.000000000000000000e+00 2.537067365515817893e-10 0.000000000000000000e+00 0.000000000000000000e+00 1.276244549621266433e+00
4.830898251751505512e+01 1.054990699355858652e+02 0.000000000000000000e+00 7.881785704017752323e+02 2.762949685443497022e-09 7.646290826343483512e-09 7.296277495467184645e-09 1.366233305452283060e-10 1.378612996759323271e-10 9.375308168333853144e-08 1.637726348162475771e-07 1.873296597980966819e-07 2.103887449937697751e-07 2.586239572288527677e-07 2.211648081769884877e-07 3.348132486378359211e-07 4.182231960198745116e-07 3.769479602170140849e-07 0.000000000000000000e+00 2.489279936646524030e-10 0.000000000000000000e+00 0.000000000000000000e+00 1.273743258658998290e+00
9.649949004293002019e+01 1.098362156128732181e+02 0.000000000000000000e+00 7.847331950059121937e+02 2.249670033485802460e-09 7.338308540917365814e-09 7.242415481773613398e-09 1.363759951824672221e-10 1.376213269436696036e-10 9.374906686117587204e-08 1.637622144407400048e-07 1.873194403357041107e-07 2.103878325944062612e-07 2.586217705068561354e-07 2.186990560549674187e-07 3.339922011662765696e-07 4.179608762218148669e-07 3.769479312396034484e-07 0.000000000000000000e+00 2.443378727039053357e-10 0.000000000000000000e+00 0.000000000000000000e+00 1.271377792328424405e+00
1.594907204221451025e+02 1.155054263470025688e+02 0.000000000000000000e+00 7.802333353242593148e+02 1.755321067736127746e-09 6.955872948221557133e-09 7.172454079296960957e-09 1.360526033131016345e-10 1.373075398385038070e-10 9.374380004724090481e-08 1.637485461419739851e-07 1.873060344975421115e-07 2.103866294297186018e-07 2.586189016626203282e-07 2.155101208116872292e-07 3.329181094429972408e-07 4.176169184431065924e-07 3.769478932378030479e-07 0.000000000000000000e+00 2.408480571105407047e-10 0.000000000000000000e+00 0.000000000000000000e+00 1.268393465584841007e+00
2.224819508013601705e+02 1.211746370811319196e+02 0.000000000000000000e+00 7.757360046578382935e+02 1.359499868658662478e-09 6.592448337708619919e-09 7.102986947980443450e-09 1.357293322588040905e-10 1.369938402791454395e-10 9.373851928407942395e-08 1.637348427734947240e-07 1.872925927387764561e-07 2.103854197322955041e-07 2.586160251325195247e-07 2.123571538747868547e-07 3.318439321349569207e-07 4.172721433182841394e-07 3.769478551534789802e-07 0.000000000000000000e+00 2.371369705256887019e-10 0.000000000000000000e+00 0.000000000000000000e+00 1.265430241323184601e+00
5.263261792836096902e+02 1.485206176445343829e+02 0.000000000000000000e+00 7.540255652976593410e+02 -7.163972713325052133e-10 5.168996923791743988e-09 6.779829012027251020e-09 1.341758899139630200e-10 1.354854726577535623e-10 9.371277908347115873e-08 1.636680949543526077e-07 1.872270727025937750e-07 2.103794053611258208e-07 2.586020021801641816e-07 1.979507283810824154e-07 3.266650342042979790e-07 4.155913040858618735e-07 3.769476700424537832e-07 0.000000000000000000e+00 1.702861250291308906e-10 0.000000000000000000e+00 0.000000000000000000e+00 1.251816899613613421e+00
6.768924679202582411e+02 1.620715836218327581e+02 0.000000000000000000e+00 7.432936057657941546e+02 -7.163972713325054201e-10 4.568748726927018953e-09 6.622320077633596207e-09 1.334062063133825468e-10 1.347380021318245317e-10 9.369993027108829842e-08 1.636347798729872426e-07 1.871943639864566831e-07 2.103763861877217723e-07 2.585950015508954827e-07 1.910120857925921883e-07 3.240977273159708283e-07 4.147533784049892720e-07 3.769475777186495885e-07 0.000000000000000000e+00 2.856372487981852661e-10 0.000000000000000000e+00 0.000000000000000000e+00 1.245775051010986845e+00
8.274587565569067920e+02 1.756225495991311334e+02 0.000000000000000000e+00 7.325542419219559633e+02 -7.163972713325054201e-10 4.032459825384942453e-09 6.467702852002681178e-09 1.326379491622549851e-10 1.339916905469959798e-10 9.368701293707881059e-08 1.636013013232344334e-07 1.871614831500516179e-07 2.103733124000629195e-07 2.585879629445923561e-07 1.842646652020596484e-07 3.215308285889575531e-07 4.139108535379544389e-07 3.769474850293206604e-07 0.000000000000000000e+00 3.741742819558261663e-11 0.000000000000000000e+00 0.000000000000000000e+00 1.239859356556245906e+00
1.655045709437965570e+03 2.501053753584264427e+02 0.000000000000000000e+00 6.732007252645109929e+02 -7.163972713325054201e-10 1.589971649734105015e-09 5.696362352958468420e-09 1.284591694871374872e-10 1.299259706817057258e-10 9.361386065305197530e-08 1.634121758677864528e-07 1.869754061440620224e-07 2.103544516887681236e-07 2.585480719432755699e-07 1.520430972119321315e-07 3.074609396241116565e-07 4.091433059884577976e-07 3.769469635222211090e-07 0.000000000000000000e+00 1.303033478605690701e-09 0.000000000000000000e+00 0.000000000000000000e+00 1.212018084177208133e+00
1.861942447658230321e+03 2.687260817982502772e+02 0.000000000000000000e+00 6.583486987089019067e+02 -7.163972713325054201e-10 1.336254809332059033e-09 5.508669707130835034e-09 1.274162365963558719e-10 1.289108484704199107e-10 9.359541547648796392e-08 1.633645238116346968e-07 1.869284992785643093e-07 2.103495826062162327e-07 2.585380115825097150e-07 1.443562400431557954e-07 3.039405605321004068e-07 4.079408094125772633e-07 3.769468322609388158e-07 0.000000000000000000e+00 -8.278035890382551365e-10 0.000000000000000000e+00 0.000000000000000000e+00 1.204158783743961125e+00
2.068839185878494845e+03 2.873467882380741116e+02 0.000000000000000000e+00 6.434809096788658280e+02 -7.163972713325054201e-10 1.117977353013644258e-09 5.325676354788997965e-09 1.263750807956511088e-10 1.278970660154742149e-10 9.357680026657020920e-08 1.633164608461408156e-07 1.868811706195772036e-07 2.103445621532171110e-07 2.585278559320427363e-07 1.369740786878774529e-07 3.004202074374059570e-07 4.067282534539551903e-07 3.769466999618938843e-07 0.000000000000000000e+00 -8.278035890382553433e-10 0.000000000000000000e+00 0.000000000000000000e+00 1.197618643148789630e+00
2.275735924098759369e+03 3.059674946778979461e+02 0.000000000000000000e+00 6.285853666700628537e+02 -7.163972713325054201e-10 9.423492003149741554e-10 5.147594465977565710e-09 1.253361194451112052e-10 1.268850065861878097e-10 9.355802388969488705e-08 1.632680196704790071e-07 1.868334489436174938e-07 2.103393612324595906e-07 2.585176096277588517e-07 1.299060634625243945e-07 2.968998189365226596e-07 4.055053909555939728e-07 3.769465667158513477e-07 0.000000000000000000e+00 -8.278035890382553433e-10 0.000000000000000000e+00 0.000000000000000000e+00 1.191403573823546225e+00
2.909069103557918424e+03 3.629674808292222679e+02 0.000000000000000000e+00 5.827182774482355399e+02 -7.163972713325054201e-10 5.184009995825681604e-10 4.644102687032145351e-09 1.221823255402614394e-10 1.238093438825095336e-10 9.349916546777580990e-08 1.631165130554672356e-07 1.866840045423369259e-07 2.103217331474065298e-07 2.584854632463125623e-07 1.107106698875205083e-07 2.861669070957542467e-07 4.016777344385356581e-07 3.769461508084769678e-07 0.000000000000000000e+00 -8.278035890382553433e-10 0.000000000000000000e+00 0.000000000000000000e+00 1.173669930279608087e+00
3.542402283017077480e+03 4.199674669805465896e+02 0.000000000000000000e+00 5.365849167834277296e+02 -7.163972713325054201e-10 2.325939266487399438e-10 4.181134699127116277e-09 1.190574477867142456e-10 1.207584129834010570e-10 9.343893355120716914e-08 1.629618114275624883e-07 1.865312192494518828e-07 2.103022624834185082e-07 2.584525378605822248e-07 9.387947171701424120e-08 2.754987462201665766e-07 3.977682735040999884e-07 3.769457269379840145e-07 0.000000000000000000e+00 -8.278035890382553433e-10 0.000000000000000000e+00 0.000000000000000000e+00 1.157248083419210927e+00
4.437238222444928397e+03 5.005027015290531835e+02 0.000000000000000000e+00 4.709007437572943218e+02 -7.163972713325054201e-10 9.798839889041909548e-11 3.582288734627375703e-09 1.146674077427890218e-10 1.164672516358853078e-10 9.335143643144278952e-08 1.627377316787097011e-07 1.863096663254131820e-07 2.102707432609282990e-07 2.584046530781801107e-07 7.350446162234967489e-08 2.604430035533574221e-07 3.920975551073596215e-07 3.769451132729654772e-07 0.000000000000000000e+00 -8.278035890382553433e-10 0.000000000000000000e+00 0.000000000000000000e+00 1.137180561525916955e+00
5.332074161872779769e+03 5.810379360775598343e+02 0.000000000000000000e+00 4.044194253384360422e+02 -7.163972713325054201e-10 -9.227028427808547269e-11 3.043106531692200912e-09 1.103138267531930065e-10 1.122059504299820349e-10 9.326064569563104873e-08 1.625061947897911771e-07 1.860804403031877314e-07 2.102321926033719634e-07 2.583548729638401921e-07 5.612144796040076034e-08 2.454591922893974979e-07 3.862364748742803732e-07 3.769444787170948941e-07 0.000000000000000000e+00 -8.278035890382553433e-10 0.000000000000000000e+00 0.000000000000000000e+00 1.119214232732843151e+00
6.840708049035548356e+03 7.168149859222089617e+02 0.000000000000000000e+00 2.898409907867948050e+02 -7.163972713325054201e-10 -1.884648737183858406e-10 2.271130962544259426e-09 1.030334963225014039e-10 1.050652301598290188e-10 9.309724528893627092e-08 1.620928018973915313e-07 1.856704405692316861e-07 2.101352215082629170e-07 2.582649586399904837e-07 3.398966627503667491e-08 2.202809972563240561e-07 3.757624254832108359e-07 3.769433409961949513e-07 0.000000000000000000e+00 -8.278035890382553433e-10 0.000000000000000000e+00 0.000000000000000000e+00 1.094637920854228286e+00
8.349341936198317853e+03 8.525920357668580891e+02 0.000000000000000000e+00 1.702900872349711676e+02 -7.163972713325054201e-10 -2.205297368651526127e-10 1.645382998899538438e-09 9.566122525613126666e-11 9.781450081057128718e-11 9.291227572873814903e-08 1.616322582379662672e-07 1.852129461940551373e-07 2.099151392215971716e-07 2.581624516629069111e-07 1.913828460725272667e-08 1.944522966054870910e-07 3.640358106335376746e-07 3.769420533845935313e-07 0.000000000000000000e+00 -8.278035890382553433e-10 0.000000000000000000e+00 0.000000000000000000e+00 1.080875437840125297e+00
9.857975823361086441e+03 9.883690856115072165e+02 0.000000000000000000e+00 4.561268709476642158e+01 -7.163972713325054201e-10 -2.312180245807415108e-10 1.148920437722158517e-09 8.822806146655848132e-11 9.048490667391661646e-11 9.270278385237624284e-08 1.611190036982655722e-07 1.847023535658173389e-07 2.094295356269693115e-07 2.580454367858181133e-07 8.655631371485942624e-09 1.684456216592484692e-07 3.509607922346493833e-07 3.769405918080813023e-07 0.000000000000000000e+00 -8.278035890382553433e-10 0.000000000000000000e+00 0.000000000000000000e+00 1.066146808771737842e+00
