0.000000000000000000e+00 6.011007941282733924e+01 0.000000000000000000e+00 7.871078846283365920e+02 5.817224285787021377e-07 1.188929784705845270e-08 3.587204025352183954e-09 4.227065613211631531e-11 2.994638126916444414e-11 4.624449370785397627e-09 1.051567031351596457e-08 1.064141416283818354e-08 1.886420110160941781e-08 6.081825829410266247e-09 1.001583711079818758e-11 4.144884166060069423e-12 2.126265785953361256e-11 1.076953892865725509e-09 0.000000000000000000e+00 1.993074190320119183e-09 0.000000000000000000e+00 0.000000000000000000e+00 3.627622338781709144e-01
5.498324768095476378e-02 6.011502790511862315e+01 0.000000000000000000e+00 7.870968282318151523e+02 5.816357631060491553e-07 1.188789891297424636e-08 3.587008747745708683e-09 4.226979642086245009e-11 2.994554710526248641e-11 4.624424689195884954e-09 1.051560899692866922e-08 1.064135241777815347e-08 1.886419578148508955e-08 6.081810966394829346e-09 9.989479777998176142e-12 4.138791399751344154e-12 2.124493016373900803e-11 1.076953646502386321e-09 0.000000000000000000e+00 1.993026297819808075e-09 0.000000000000000000e+00 0.000000000000000000e+00 3.631934450646823742e-01
1.983073252937344577e+01 6.189484534047094400e+01 0.000000000000000000e+00 7.831592944775179603e+02 5.514574876082964785e-07 1.139522660460158580e-08 3.516647326494539411e-09 4.195619772753772993e-11 2.964205931952992512e-11 4.615359192182136354e-09 1.049309404564330036e-08 1.061867948161023583e-08 1.886222962294366167e-08 6.076343706498212263e-09 7.722812596813973490e-13 2.468305998657143487e-12 1.612225092926362938e-11 1.076862864680529804e-09 0.000000000000000000e+00 1.971088019506695057e-09 0.000000000000000000e+00 0.000000000000000000e+00 3.460192853250689815e-01
6.710854949590202523e+01 6.614984886745851611e+01 0.000000000000000000e+00 7.739018472131722319e+02 4.830577195101776022e-07 1.025848305028949095e-08 3.348166988825057004e-09 4.118998584785058924e-11 2.890382363812937378e-11 4.592974045693957631e-09 1.043751890763498399e-08 1.056271140816670688e-08 1.885733459390241048e-08 6.062815400308084391e-09 -6.572893854982139199e-12 1.016713486529116154e-13 6.857572272236228349e-12 1.076637834670364689e-09 0.000000000000000000e+00 1.903886189176194195e-09 0.000000000000000000e+00 0.000000000000000000e+00 3.070425199777791492e-01
1.143863664624306011e+02 7.040485239444609533e+01 0.000000000000000000e+00 7.648642287518129024e+02 4.196271384434673293e-07 9.177917514487118529e-09 3.179570935911182190e-09 4.040194317580612509e-11 2.814928389278754528e-11 4.569652547652848356e-09 1.037963917734214339e-08 1.050441894432498976e-08 1.885217751655203394e-08 6.048690906349961163e-09 -9.021285559869984177e-12 -6.872068680151657088e-13 1.894299415928080594e-12 1.076402818562006759e-09 0.000000000000000000e+00 1.817454527729284458e-09 0.000000000000000000e+00 0.000000000000000000e+00 2.708476933083729388e-01
1.616641834289591770e+02 7.465985592143366034e+01 0.000000000000000000e+00 7.560792647540271219e+02 3.615061834225666156e-07 8.160157023521594110e-09 3.011269424053772284e-09 3.959098693554213514e-11 2.737844191382998698e-11 4.545361187503633260e-09 1.031936366375196593e-08 1.044371121896954737e-08 1.884673063094876751e-08 6.033958863104221487e-09 -9.837416128165932503e-12 -1.051947209861002013e-12 -4.578691343679862838e-13 1.076158375599945654e-09 0.000000000000000000e+00 1.712222459809178434e-09 0.000000000000000000e+00 0.000000000000000000e+00 2.376380561471055919e-01
2.425454852092915417e+02 8.193917308166356861e+01 0.000000000000000000e+00 7.417129185187008034e+02 2.742479133917112439e-07 6.576281653871628028e-09 2.726799679126192824e-09 3.815844271847413211e-11 2.603261150428641574e-11 4.501953622545344910e-09 1.021160982215175329e-08 1.033518252805441762e-08 1.883681176688696226e-08 6.007658215531293065e-09 -1.063361182353264602e-11 -1.345897837934943637e-12 -3.931328708948985963e-12 1.075727732225735185e-09 0.000000000000000000e+00 1.504200472682761650e-09 0.000000000000000000e+00 0.000000000000000000e+00 1.876393505055469479e-01
4.314783017199175674e+02 9.894312656761991320e+01 0.000000000000000000e+00 7.123376350027580202e+02 1.253114251888701189e-07 3.701942762514707675e-09 2.121047119629996553e-09 3.486281848772618241e-11 2.303006779551294319e-11 4.406115067209291799e-09 9.972004079890545676e-09 1.009401052060501542e-08 1.881349767348255092e-08 5.951390087064554639e-09 -1.208177367585985326e-11 -1.880550422119339823e-12 -7.747918276497840096e-12 1.074903082225444393e-09 0.000000000000000000e+00 1.001601313313215880e-09 0.000000000000000000e+00 0.000000000000000000e+00 1.019662694112118684e-01
4.787115058475740739e+02 1.031941149391089994e+02 0.000000000000000000e+00 7.059534853638066352e+02 1.000384976804753814e-07 3.164171022236487346e-09 1.985723273917647252e-09 3.407695893545027837e-11 2.233484791236403895e-11 4.384518783617042460e-09 9.917563562304927572e-09 1.003926148181743565e-08 1.880791944414600346e-08 5.939168737391737036e-09 -1.211194371445000348e-11 -1.891689017623181318e-12 -7.827430559155109220e-12 1.074746149463498356e-09 0.000000000000000000e+00 8.493171120100655029e-10 0.000000000000000000e+00 0.000000000000000000e+00 8.732491722950862234e-02
5.259447099752305803e+02 1.074451033105980855e+02 0.000000000000000000e+00 7.001184012543467361e+02 7.896692968705248670e-08 2.706967557737251672e-09 1.865698114873017289e-09 3.337795745370402494e-11 2.172708721101929387e-11 4.366962690575974311e-09 9.872874436129874180e-09 9.994375316626934698e-09 1.880321756346083788e-08 5.929644812026045663e-09 -1.212200039398005302e-11 -1.895401882791128618e-12 -7.853934653374199467e-12 1.074638373521647943e-09 0.000000000000000000e+00 6.997802749843487313e-10 0.000000000000000000e+00 0.000000000000000000e+00 7.508260056262225368e-02
5.731779141028871436e+02 1.116960916820871716e+02 0.000000000000000000e+00 6.949840021440317059e+02 6.165229215558431096e-08 2.336418216335388483e-09 1.767660265945446674e-09 3.281991925850991109e-11 2.125340197148797956e-11 4.355003821344718584e-09 9.841938430744397481e-09 9.963383572199746176e-09 1.879985876753431661e-08 5.923572683904512101e-09 -1.212535262049007007e-11 -1.896639504513777583e-12 -7.862769351447230088e-12 1.074580916777384558e-09 0.000000000000000000e+00 5.596672929805576876e-10 0.000000000000000000e+00 0.000000000000000000e+00 6.502293724748288428e-02
6.204111182305437069e+02 1.159470800535762578e+02 0.000000000000000000e+00 6.907959335534256979e+02 4.771738735426798722e-08 2.059183967126169846e-09 1.697978707885261484e-09 3.244553063166700722e-11 2.094671412842567003e-11 4.348717568509739397e-09 9.825298016970858647e-09 9.946800039424010764e-09 1.879798364750789959e-08 5.920636552796229131e-09 -1.212647002932674242e-11 -1.897052045087994174e-12 -7.865714250804906961e-12 1.074557785848318610e-09 0.000000000000000000e+00 4.304247623132258920e-10 0.000000000000000000e+00 0.000000000000000000e+00 5.694615182333906400e-02
6.676443223582002702e+02 1.201980684250653439e+02 0.000000000000000000e+00 6.875785883654606323e+02 3.650780036325574480e-08 1.852399800573480464e-09 1.649604956978834006e-09 3.220185617982593213e-11 2.075572419052092209e-11 4.345652660743081616e-09 9.816955683052240801e-09 9.938555801516540900e-09 1.879700405148504560e-08 5.919328978973770031e-09 -1.212684249893896707e-11 -1.897189558612733037e-12 -7.866695883924132586e-12 1.074549162737094901e-09 0.000000000000000000e+00 3.151399496642153300e-10 0.000000000000000000e+00 0.000000000000000000e+00 5.046209995767410306e-02
7.148775264858568335e+02 1.244490567965544301e+02 0.000000000000000000e+00 6.848943295049732569e+02 2.708425789335389562e-08 1.680908937313446796e-09 1.611755609047101905e-09 3.202196261689939532e-11 2.062130722282556181e-11 4.344007701163689128e-09 9.812315112931094460e-09 9.934029662149552906e-09 1.879643097996893483e-08 5.918700931341423961e-09 -1.212696665547637475e-11 -1.897235396454312389e-12 -7.867023094963873922e-12 1.074545879770100272e-09 0.000000000000000000e+00 2.151505280000654209e-10 0.000000000000000000e+00 0.000000000000000000e+00 4.501812784887787577e-02
7.621107306135133967e+02 1.287000451680435162e+02 0.000000000000000000e+00 6.826691701205072604e+02 1.924578220498889748e-08 1.528240831989706722e-09 1.578965785692367872e-09 3.187220402734473770e-11 2.051406974954248906e-11 4.342979595067496888e-09 9.809298934180280495e-09 9.931137290135982515e-09 1.879603923911022527e-08 5.918352261726807436e-09 -1.212700804098884398e-11 -1.897250675734838705e-12 -7.867132165310455444e-12 1.074544532937777657e-09 0.000000000000000000e+00 1.356034277670842832e-10 0.000000000000000000e+00 0.000000000000000000e+00 4.048449540199047098e-02
8.093439347411699600e+02 1.329510335395326024e+02 0.000000000000000000e+00 6.808181102830556028e+02 1.288844185247452443e-08 1.383949856737407717e-09 1.547958612966216437e-09 3.173399071313554711e-11 2.041840729379680506e-11 4.342213689561789220e-09 9.806970334869037913e-09 9.928944528179626064e-09 1.879572398566110505e-08 5.918117754952884473e-09 -1.212702183615966651e-11 -1.897255768828347208e-12 -7.867168522092649824e-12 1.074543888919576236e-09 0.000000000000000000e+00 8.103936067835561216e-11 0.000000000000000000e+00 0.000000000000000000e+00 3.679843359905896061e-02
8.565771388688265233e+02 1.372020219110216885e+02 0.000000000000000000e+00 6.792580831934996013e+02 7.993721243333230283e-09 1.242685051623378194e-09 1.516610969957571815e-09 3.159588575502252209e-11 2.032531188611431358e-11 4.341545616126374914e-09 9.804881602839133103e-09 9.927010691240916918e-09 1.879543265291745311e-08 5.917926910097915997e-09 -1.212702643454994177e-11 -1.897257466526183376e-12 -7.867180641020048489e-12 1.074543497759807930e-09 0.000000000000000000e+00 4.031729058612047407e-11 0.000000000000000000e+00 0.000000000000000000e+00 3.393970264367458800e-02
8.779891382353384870e+02 1.391291018540077573e+02 0.000000000000000000e+00 6.786317397281598005e+02 6.246573792553174435e-09 1.179224507734135186e-09 1.502032007727583992e-09 3.153193286321836815e-11 2.028290616939313541e-11 4.341258868529976068e-09 9.803968544408221382e-09 9.926175403051818686e-09 1.879530291371474008e-08 5.917848398952818397e-09 -1.212702674954533381e-11 -1.897257582820574809e-12 -7.867181471181488774e-12 1.074543369454260159e-09 0.000000000000000000e+00 3.059340599352386355e-11 0.000000000000000000e+00 0.000000000000000000e+00 3.291269463207413537e-02
8.994011376018504507e+02 1.410561817969938261e+02 0.000000000000000000e+00 6.780418210635831429e+02 4.780954146719195927e-09 1.115854864737188681e-09 1.487011591324132596e-09 3.146598904974199594e-11 2.023949692538539405e-11 4.340969140978528245e-09 9.803039878170340979e-09 9.925330295849051125e-09 1.879517004158723501e-08 5.917769834194669483e-09 -1.212702685454379729e-11 -1.897257621585371954e-12 -7.867181747901968869e-12 1.074543246226496236e-09 0.000000000000000000e+00 2.187759450222263800e-11 0.000000000000000000e+00 0.000000000000000000e+00 3.204383090641280130e-02
9.504966032082076026e+02 1.456547737015659720e+02 0.000000000000000000e+00 6.767379983811018747e+02 2.311089315963232465e-09 9.668413970134176364e-10 1.449174675973319762e-09 3.129878897489870347e-11 2.013040282349746352e-11 4.340243994213061319e-09 9.800699035570701497e-09 9.923213868953045538e-09 1.879483242654905003e-08 5.917574282458094480e-09 -1.212702705384594131e-11 -1.897257695166516120e-12 -7.867182273157127734e-12 1.074542942313606761e-09 0.000000000000000000e+00 6.004587840445619573e-12 0.000000000000000000e+00 0.000000000000000000e+00 3.054761393601945069e-02
1.001592068814564755e+03 1.502533656061381180e+02 0.000000000000000000e+00 6.755359083275635612e+02 8.926901601886064182e-10 8.270385554912240444e-10 1.409535355460566682e-09 3.112117929745457510e-11 2.001545036121827325e-11 4.339480687323806397e-09 9.798218727064793469e-09 9.920984932562861592e-09 1.879447188059929859e-08 5.917369511312400931e-09 -1.212702712027998932e-11 -1.897257719693563906e-12 -7.867182448242181228e-12 1.074542627911486438e-09 0.000000000000000000e+00 7.590049120108748414e-13 0.000000000000000000e+00 0.000000000000000000e+00 2.964880769207448724e-02
1.052687534420921793e+03 1.548519575107102639e+02 0.000000000000000000e+00 6.743975571188254889e+02 2.081156318030836191e-10 7.002311026181053341e-10 1.368887846277489291e-09 3.093577312648136471e-11 1.989604010523634627e-11 4.338684695590422994e-09 9.795622220785041236e-09 9.918660267034988377e-09 1.879409261506205813e-08 5.917156441891772534e-09 -1.212702714242467253e-11 -1.897257727869246636e-12 -7.867182506603865725e-12 1.074542301727918264e-09 0.000000000000000000e+00 -9.895227308007061973e-13 0.000000000000000000e+00 0.000000000000000000e+00 2.916833854283981675e-02
1.103783000027278831e+03 1.594505494152824099e+02 0.000000000000000000e+00 6.732965507306136033e+02 -2.007587765875729666e-11 5.882679905972928687e-10 1.328004664140951596e-09 3.074545417172132829e-11 1.977380977574056212e-11 4.337865328609775860e-09 9.792943842084783044e-09 9.916267383437258496e-09 1.879370002138792245e-08 5.916937303824287591e-09 -1.212702714980623359e-11 -1.897257730594474348e-12 -7.867182526057761096e-12 1.074541966328711239e-09 0.000000000000000000e+00 2.051890722015455275e-13 0.000000000000000000e+00 0.000000000000000000e+00 2.895304121536265360e-02
1.154878465633635869e+03 1.640491413198545558e+02 0.000000000000000000e+00 6.722098015007316008e+02 -9.613971414603761915e-11 4.923635002801586523e-10 1.287751502796152835e-09 3.055375816581827199e-11 1.965081520096218566e-11 4.337035794327460111e-09 9.790230459486734423e-09 9.913844957285349909e-09 1.879330118103544350e-08 5.916715487122125930e-09 -1.212702715226675341e-11 -1.897257731502883450e-12 -7.867182532542391810e-12 1.074541626851025478e-09 0.000000000000000000e+00 4.334241939849905641e-12 0.000000000000000000e+00 0.000000000000000000e+00 2.883407293391111736e-02
1.236988810835583081e+03 1.714390723880298140e+02 0.000000000000000000e+00 6.704765592131448102e+02 -1.139970462361804162e-10 3.684277092751370513e-10 1.225000951086701604e-09 3.024551681187542727e-11 1.945313983199766399e-11 4.335691644636091127e-09 9.785832672743047554e-09 9.909920032436926578e-09 1.879265319272979402e-08 5.916356047397593851e-09 -1.212702715284440498e-11 -1.897257731716148626e-12 -7.867182534064774106e-12 1.074541076763552814e-09 0.000000000000000000e+00 8.077581118881771365e-12 0.000000000000000000e+00 0.000000000000000000e+00 2.871652997949753969e-02
1.319099156037530292e+03 1.788290034562050721e+02 0.000000000000000000e+00 6.687516384396994908e+02 -9.478216333967208582e-11 2.748379065509108416e-10 1.164894416890942757e-09 2.993843353304116017e-11 1.925625574056211009e-11 4.334339230460041697e-09 9.781407653561505651e-09 9.905971312821091322e-09 1.879199972569061056e-08 5.915994333043592880e-09 -1.212702715222284014e-11 -1.897257731486670629e-12 -7.867182532426657610e-12 1.074540523205277035e-09 0.000000000000000000e+00 1.586882568903726537e-11 0.000000000000000000e+00 0.000000000000000000e+00 2.864019539110114476e-02
1.401209501239477504e+03 1.862189345243803302e+02 0.000000000000000000e+00 6.670307533516851208e+02 -7.930772293459535178e-11 2.054561898833440285e-10 1.107527853447788610e-09 2.963338954216191980e-11 1.906069218909279210e-11 4.332982320171625562e-09 9.776968476764286837e-09 9.902009814799721702e-09 1.879134275903799893e-08 5.915631325905159943e-09 -1.212702715172227147e-11 -1.897257731301863617e-12 -7.867182531107422471e-12 1.074539967695928898e-09 0.000000000000000000e+00 -2.159295563952296108e-11 0.000000000000000000e+00 0.000000000000000000e+00 2.855179481532671426e-02
1.568148483413140184e+03 2.012434429200099828e+02 0.000000000000000000e+00 6.635433262962621939e+02 -3.455962134588277079e-11 1.151070897364428772e-10 9.987795603387108594e-10 2.901904796089723706e-11 1.866688930490303820e-11 4.330206751969997092e-09 9.767889594853349790e-09 9.893908173144705899e-09 1.878999129163439859e-08 5.914888503661206826e-09 -1.212702715027475548e-11 -1.897257730767449204e-12 -7.867182527292536571e-12 1.074538830919383595e-09 0.000000000000000000e+00 -3.060145700300792338e-11 0.000000000000000000e+00 0.000000000000000000e+00 2.845221467335445550e-02
1.735087465586802864e+03 2.162679513156396354e+02 0.000000000000000000e+00 6.600639226474485213e+02 -4.335389798226759889e-12 6.466522489446785584e-11 9.001710896451735357e-10 2.841417900754961669e-11 1.827917989632631845e-11 4.327416263631020782e-09 9.758764993522333173e-09 9.885765235632668932e-09 1.878862216908532802e-08 5.914141263367612166e-09 -1.212702714929706031e-11 -1.897257730406489880e-12 -7.867182524715844730e-12 1.074537687374615736e-09 0.000000000000000000e+00 -1.386769132262746890e-11 0.000000000000000000e+00 0.000000000000000000e+00 2.838616524838058139e-02
1.902026447760465544e+03 2.312924597112692879e+02 0.000000000000000000e+00 6.565901013468763949e+02 6.762193625061159626e-12 4.325961638811280647e-11 8.109046007566090575e-10 2.781935652397366589e-11 1.789791783179976077e-11 4.324614123217341089e-09 9.749605665256829060e-09 9.877590487947630400e-09 1.878723740830219110e-08 5.913390464921010756e-09 -1.212702714893807361e-11 -1.897257730273954381e-12 -7.867182523769748826e-12 1.074536538397182660e-09 0.000000000000000000e+00 -1.581022005388103862e-12 0.000000000000000000e+00 0.000000000000000000e+00 2.832789028778145285e-02
2.163919053419024749e+03 2.548627942205396266e+02 0.000000000000000000e+00 6.511440339594724946e+02 1.586631657890520997e-11 -4.952236798132599459e-12 6.873650705842098893e-10 2.690877882195646578e-11 1.731424642152698932e-11 4.320208760896195778e-09 9.735212793902652347e-09 9.864742430643148917e-09 1.878504459830778380e-08 5.912209219398091726e-09 -1.212702714864357308e-11 -1.897257730165226175e-12 -7.867182522993599764e-12 1.074534730818476800e-09 0.000000000000000000e+00 8.498591176220164015e-12 0.000000000000000000e+00 0.000000000000000000e+00 2.822644885787174360e-02
2.305765495098573865e+03 2.676289739716990539e+02 0.000000000000000000e+00 6.481978835158076890e+02 -7.011873572566940451e-12 -1.385956332226067212e-11 6.284274641660209437e-10 2.642660359619529892e-11 1.700516705642477790e-11 4.317816228741274964e-09 9.727399393371755376e-09 9.857766417903424033e-09 1.878384707181919454e-08 5.911567252371088865e-09 -1.212702714861477686e-11 -1.897257730154594400e-12 -7.867182522917705943e-12 1.074533748563083844e-09 0.000000000000000000e+00 1.098143457924161962e-11 0.000000000000000000e+00 0.000000000000000000e+00 2.816727032809505579e-02
2.447611936778122981e+03 2.803951537228584812e+02 0.000000000000000000e+00 6.452549924058743045e+02 -1.463793695639099813e-11 -1.682867216363669203e-11 5.744279583287524634e-10 2.595187946159154281e-11 1.670087210959005788e-11 4.315418567191467889e-09 9.719571473816779991e-09 9.850776810684509980e-09 1.878264124810143765e-08 5.910923596207254887e-09 -1.212702714860517865e-11 -1.897257730151050206e-12 -7.867182522892407464e-12 1.074532763748527869e-09 0.000000000000000000e+00 -1.073950804310139955e-11 0.000000000000000000e+00 0.000000000000000000e+00 2.811068677335640600e-02
2.924121923515963772e+03 3.232810525292641728e+02 0.000000000000000000e+00 6.353734747044139795e+02 -4.332501260147500892e-11 -2.799761289283517676e-11 4.220305348471313819e-10 2.441115091031051387e-11 1.571324451645824016e-11 4.307331068894039941e-09 9.693186975628290795e-09 9.827212751659377321e-09 1.877851565125548570e-08 5.908750053998590984e-09 -1.212702714856906867e-11 -1.897257730137718784e-12 -7.867182522797242920e-12 1.074529438246792550e-09 0.000000000000000000e+00 -3.089737775930294298e-12 0.000000000000000000e+00 0.000000000000000000e+00 2.798148770322977236e-02
3.387071364909974818e+03 3.649465022547251465e+02 0.000000000000000000e+00 6.257717707409225341e+02 -1.994847162488412614e-10 -3.519211447068151311e-11 3.102357386436885992e-10 2.299509682396833192e-11 1.480541113558036529e-11 4.299443114593528114e-09 9.667482321804192784e-09 9.804246176032900381e-09 1.877442093866271306e-08 5.906626564700336662e-09 -1.212702714854580744e-11 -1.897257730129131535e-12 -7.867182522735941081e-12 1.074526189779742892e-09 0.000000000000000000e+00 3.355804707884406613e-11 0.000000000000000000e+00 0.000000000000000000e+00 2.781919241757276409e-02
3.502808725258477807e+03 3.753628646860904041e+02 0.000000000000000000e+00 6.233729131603254245e+02 -2.273669496237215585e-10 -3.527451385631897923e-11 2.876811060625581066e-10 2.265323039499129641e-11 1.458623442781771146e-11 4.297466734107966444e-09 9.661046076818712748e-09 9.798494080698564078e-09 1.877338488324778010e-08 5.906093966521926305e-09 -1.212702714854554087e-11 -1.897257730129032984e-12 -7.867182522735238301e-12 1.074525375096313586e-09 0.000000000000000000e+00 -1.676754133597731905e-11 0.000000000000000000e+00 0.000000000000000000e+00 2.775639577151972626e-02
3.618546085606980796e+03 3.857792271174556618e+02 0.000000000000000000e+00 6.209757164649842025e+02 -2.336327082748907659e-10 -3.524406349994022568e-11 2.670140098405287984e-10 2.231575621767587029e-11 1.436988133620952486e-11 4.295486739454534332e-09 9.654599478779107364e-09 9.792732483728324538e-09 1.877234225765531671e-08 5.905560179425217008e-09 -1.212702714854563942e-11 -1.897257730129069335e-12 -7.867182522735496795e-12 1.074524558576705861e-09 0.000000000000000000e+00 -5.076396511253348490e-11 0.000000000000000000e+00 0.000000000000000000e+00 2.771522035253767488e-02
3.734283445955483785e+03 3.961955895488209194e+02 0.000000000000000000e+00 6.185790218520029384e+02 -2.325505122574747507e-10 -3.520970429394693236e-11 2.479163295479273352e-10 2.198282634139855539e-11 1.415644059829408999e-11 4.293504426838685888e-09 9.648146957492411202e-09 9.786965141101278516e-09 1.877129389543428977e-08 5.905025547610688445e-09 -1.212702714854575090e-11 -1.897257730129110128e-12 -7.867182522735789216e-12 1.074523740773264608e-09 0.000000000000000000e+00 -7.043691190560733670e-11 0.000000000000000000e+00 0.000000000000000000e+00 2.768719991294217933e-02
3.987364693835158050e+03 4.189729018579915873e+02 0.000000000000000000e+00 6.133381297537271166e+02 -2.308256379040344813e-10 -3.515494035814544121e-11 2.104891778104523822e-10 2.127058580827318921e-11 1.369980702084515687e-11 4.289163666693940363e-09 9.634023264766085893e-09 9.774339393691873699e-09 1.876898399778351897e-08 5.903854069855052079e-09 -1.212702714854592700e-11 -1.897257730129175156e-12 -7.867182522736256121e-12 1.074521948870135316e-09 0.000000000000000000e+00 -9.039283056261553001e-11 0.000000000000000000e+00 0.000000000000000000e+00 2.764033150903568575e-02
4.544806502228932004e+03 4.691426646134312364e+02 0.000000000000000000e+00 6.017865497537887904e+02 -2.280362086480805555e-10 -3.506637731331195404e-11 1.455686070962076176e-10 1.977526365069637579e-11 1.274102598579836265e-11 4.279573408115073377e-09 9.602850322797667068e-09 9.746463241009477805e-09 1.876379167385600043e-08 5.901261982039932111e-09 -1.212702714854621295e-11 -1.897257730129280977e-12 -7.867182522737010600e-12 1.074517984200823531e-09 0.000000000000000000e+00 -1.226651077985024167e-10 0.000000000000000000e+00 0.000000000000000000e+00 2.755596303381580015e-02
5.102248310622706413e+03 5.193124273688708854e+02 0.000000000000000000e+00 5.902177649726924074e+02 -2.271063988960959049e-10 -3.503685629836745616e-11 9.820487116575350938e-11 1.837701705726592936e-11 1.184434801208377646e-11 4.269943062719038032e-09 9.571591963427187199e-09 9.718497772274751735e-09 1.875844134876714605e-08 5.898653619286113033e-09 -1.212702714854630827e-11 -1.897257730129316116e-12 -7.867182522737262632e-12 1.074513994854623582e-09 0.000000000000000000e+00 -1.334225335437980455e-10 0.000000000000000000e+00 0.000000000000000000e+00 2.749422697341062649e-02
5.962019835518477521e+03 5.966918646094902670e+02 0.000000000000000000e+00 5.723449159527129950e+02 -2.263691062855728138e-10 -3.501344761059314335e-11 4.900360900611732503e-11 1.639747629130850958e-11 1.057460741161288962e-11 4.255033531375326886e-09 9.523281188489234791e-09 9.675249643383860343e-09 1.874992792803563679e-08 5.894604787428458358e-09 -1.212702714854638259e-11 -1.897257730129343985e-12 -7.867182522737462964e-12 1.074507803162242791e-09 0.000000000000000000e+00 -1.419526339146834997e-10 0.000000000000000000e+00 0.000000000000000000e+00 2.740997555945127659e-02
7.331354972959201405e+03 7.199320269791554665e+02 0.000000000000000000e+00 5.437955160894567825e+02 -2.257456987948032969e-10 -3.499365472090551003e-11 -3.212206878714250487e-12 1.363995322981392348e-11 8.805137848917483264e-12 4.231183956645509361e-09 9.446206404183997293e-09 9.606183084990712419e-09 1.873575589652697939e-08 5.888101417199157433e-09 -1.212702714854644560e-11 -1.897257730129367815e-12 -7.867182522737632601e-12 1.074497860209284700e-09 0.000000000000000000e+00 -1.491651413945197542e-10 0.000000000000000000e+00 0.000000000000000000e+00 2.729160835403961899e-02
8.700690110399926198e+03 8.431721893488206661e+02 0.000000000000000000e+00 5.150958781158595912e+02 -2.255378962978801247e-10 -3.498705709100963010e-11 -2.061747884032477458e-11 1.131299927248490196e-11 7.311096171714398652e-12 4.207130973883067975e-09 9.368757722843178166e-09 9.536699510642742134e-09 1.872048944652562923e-08 5.881507900670948986e-09 -1.212702714854646660e-11 -1.897257730129375893e-12 -7.867182522737689147e-12 1.074487780431065649e-09 0.000000000000000000e+00 -1.515693105544651896e-10 0.000000000000000000e+00 0.000000000000000000e+00 2.720920905979519466e-02
1.170081674984670281e+04 1.113183586899030615e+03 0.000000000000000000e+00 4.514580807609714839e+02 -2.252053981911753301e-10 -3.497650043513879487e-11 -4.846709595083271302e-11 7.395458748190617292e-12 4.792791176570807188e-12 4.153529996248335802e-09 9.197310119170308556e-09 9.382593757365021701e-09 1.868136166219113077e-08 5.866680683838436486e-09 -1.212702714854650214e-11 -1.897257730129388413e-12 -7.867182522737779620e-12 1.074465110079321291e-09 0.000000000000000000e+00 -1.554161444747308072e-10 0.000000000000000000e+00 0.000000000000000000e+00 2.704342687317548913e-02
1.722086378099560534e+04 1.609987819702431807e+03 0.000000000000000000e+00 3.315019580634569820e+02 -2.243751360759745634e-10 -3.495014001005358179e-11 -1.180087912069507098e-10 2.867276781144637704e-12 1.878380121491275527e-12 4.051535238119100209e-09 8.875463461225257542e-09 9.092207520983988510e-09 1.858205756216512181e-08 5.837940973989766495e-09 -1.212702714854658616e-11 -1.897257730129419917e-12 -7.867182522738004186e-12 1.074421147563682662e-09 0.000000000000000000e+00 -1.650218547120566005e-10 0.000000000000000000e+00 0.000000000000000000e+00 2.670829172366540050e-02
2.274091081214450605e+04 2.106792052505832999e+03 0.000000000000000000e+00 2.062667633737519850e+02 -2.238417529207112195e-10 -3.493320534996417888e-11 -1.626842836315341202e-10 1.151225735373635801e-12 7.634000243236340150e-13 3.942343110779649010e-09 8.538346003591659119e-09 8.786615594679054256e-09 1.839659400750334757e-08 5.806343090144967893e-09 -1.212702714854664109e-11 -1.897257730129440112e-12 -7.867182522738147973e-12 1.074372697985435031e-09 0.000000000000000000e+00 -1.711928264342715230e-10 0.000000000000000000e+00 0.000000000000000000e+00 2.648622374479322680e-02
2.826095784329340677e+04 2.603596285309234190e+03 0.000000000000000000e+00 7.544783288310505043e+01 -2.236532840246710304e-10 -3.492722155265005684e-11 -1.784701978551566712e-10 8.555807413751706215e-13 5.546426622492411562e-13 3.824689272210739664e-09 8.183613986653857783e-09 8.463476594000418454e-09 1.804060084201175655e-08 5.771289072714426294e-09 -1.212702714854666047e-11 -1.897257730129447382e-12 -7.867182522738198057e-12 1.074318753661160620e-09 0.000000000000000000e+00 -1.733733156688945090e-10 0.000000000000000000e+00 0.000000000000000000e+00 2.611018786033161496e-02
2.964096960108063286e+04 2.727797343510084374e+03 0.000000000000000000e+00 4.143641400387469531e+01 -2.236520880867455921e-10 -3.492718358219288095e-11 -1.785703680896336170e-10 7.494823567405818183e-13 4.844173623178824980e-13 3.792988975050921893e-09 8.089874278709862882e-09 8.377853905973117915e-09 1.788008650178684387e-08 5.761644773388611885e-09 -1.212702714854666047e-11 -1.897257730129447382e-12 -7.867182522738198057e-12 1.074303844064452490e-09 0.000000000000000000e+00 -1.733871520622013898e-10 0.000000000000000000e+00 0.000000000000000000e+00 2.614903824071640806e-02
2.972722033594233289e+04 2.735559909647637596e+03 0.000000000000000000e+00 3.927354174335827253e+01 -2.236520884776205364e-10 -3.492718359460297474e-11 -1.785703353504462623e-10 7.376916520093719608e-13 4.768917890840447363e-13 3.790938561640967452e-09 8.083852524422425620e-09 8.372351957287948555e-09 1.786738417606348137e-08 5.761017301166792014e-09 -1.212702714854666047e-11 -1.897257730129447382e-12 -7.867182522738198057e-12 1.074302871825596987e-09 0.000000000000000000e+00 -1.733871475399770377e-10 0.000000000000000000e+00 0.000000000000000000e+00 2.615754970293536832e-02
2.976527216858645625e+04 2.738984574585608698e+03 0.000000000000000000e+00 3.831649159858361742e+01 -2.236520885050072716e-10 -3.492718359547249020e-11 -1.785703330565677174e-10 7.324636969608491747e-13 4.735574796462355446e-13 3.790029430004495867e-09 8.081184756100605775e-09 8.369914472673415849e-09 1.786158402659539307e-08 5.760738904227738064e-09 -1.212702714854666047e-11 -1.897257730129447382e-12 -7.867182522738198057e-12 1.074302440307023402e-09 0.000000000000000000e+00 -1.733871472231263830e-10 0.000000000000000000e+00 0.000000000000000000e+00 2.616139392200935582e-02
2.978577078198203890e+04 2.740829449791211118e+03 0.000000000000000000e+00 3.779974017477195503e+01 -2.236520885050740406e-10 -3.492718359547460985e-11 -1.785703330509751493e-10 7.296508525712570188e-13 4.717635540928793016e-13 3.789537550516849093e-09 8.079742225641329201e-09 8.368596493604427224e-09 1.785837379982248725e-08 5.760588210395804627e-09 -1.212702714854666047e-11 -1.897257730129447382e-12 -7.867182522738198057e-12 1.074302206638957159e-09 0.000000000000000000e+00 -1.733871472223538738e-10 0.000000000000000000e+00 0.000000000000000000e+00 2.617207365799293500e-02
2.979867222477465111e+04 2.741990579642546436e+03 0.000000000000000000e+00 3.663820329900987360e+01 -2.236520885047305797e-10 -3.492718359546370141e-11 -1.785703330797435604e-10 7.167309884297056519e-13 4.605416045276199240e-13 3.762471815964699032e-09 8.021212736684450475e-09 8.308849402400716490e-09 1.776405659576194108e-08 5.737266988381691868e-09 -1.212702714854666047e-11 -1.897257730129447382e-12 -7.867182522738198057e-12 1.073586756831812902e-09 0.000000000000000000e+00 -1.733871472263275978e-10 0.000000000000000000e+00 0.000000000000000000e+00 2.603047507644858788e-02
2.981157366756726333e+04 2.743151709493881754e+03 0.000000000000000000e+00 3.490888424109610355e+01 -2.236520885045610335e-10 -3.492718359545831827e-11 -1.785703330939442870e-10 6.967508972795624533e-13 4.430101748390759575e-13 3.717011536707866661e-09 7.923279199243472725e-09 8.208811180454270006e-09 1.760568741763042359e-08 5.697426414734487944e-09 -1.212702714854666047e-11 -1.897257730129447382e-12 -7.867182522738198057e-12 1.072316396240869398e-09 0.000000000000000000e+00 -1.733871472282891274e-10 0.000000000000000000e+00 0.000000000000000000e+00 2.577430928857888867e-02
2.982447511035987554e+04 2.744312839345217071e+03 0.000000000000000000e+00 3.293270030056526565e+01 -2.236520885045155903e-10 -3.492718359545687717e-11 -1.785703330977504810e-10 6.744236629920787219e-13 4.235215886980430359e-13 3.663646711364447123e-09 7.808645432492155834e-09 8.091699022234991002e-09 1.741705698128623113e-08 5.649854484590618708e-09 -1.212702714854666047e-11 -1.897257730129447382e-12 -7.867182522738198057e-12 1.070735564228086590e-09 0.000000000000000000e+00 -1.733871472288148782e-10 0.000000000000000000e+00 0.000000000000000000e+00 2.547972918390128266e-02
2.983737655315248776e+04 2.745473969196552389e+03 0.000000000000000000e+00 3.087496302681719840e+01 -2.236520885045174773e-10 -3.492718359545694179e-11 -1.785703330975906542e-10 6.521194264851654530e-13 4.042470913627505499e-13 3.608006256616535288e-09 7.689423745564113748e-09 7.969892208391242680e-09 1.721758976032155288e-08 5.599395259580250815e-09 -1.212702714854666047e-11 -1.897257730129447382e-12 -7.867182522738198057e-12 1.068989034536676482e-09 0.000000000000000000e+00 -1.733871472287928028e-10 0.000000000000000000e+00 0.000000000000000000e+00 2.516210889247541549e-02
2.985027799594509997e+04 2.746635099047887707e+03 0.000000000000000000e+00 2.878377508985892064e+01 -2.236520885045269382e-10 -3.492718359545724552e-11 -1.785703330967969227e-10 6.305359076724997497e-13 3.858169959856843092e-13 3.551934442168128982e-09 7.569539611634414200e-09 7.847395002318047180e-09 1.701499858059200030e-08 5.547678397613193837e-09 -1.212702714854666047e-11 -1.897257730129447382e-12 -7.867182522738198057e-12 1.067127528316565831e-09 0.000000000000000000e+00 -1.733871472286831497e-10 0.000000000000000000e+00 0.000000000000000000e+00 2.483527808798297390e-02
2.986317943873771219e+04 2.747796228899223024e+03 0.000000000000000000e+00 2.666060012494296316e+01 -2.236520885045325992e-10 -3.492718359545742647e-11 -1.785703330963208802e-10 6.097009582393706493e-13 3.682397930454404174e-13 3.495738716995073539e-09 7.449612480732029786e-09 7.724836198959349302e-09 1.681094365553850048e-08 5.495025688492869302e-09 -1.212702714854666047e-11 -1.897257730129447382e-12 -7.867182522738198057e-12 1.065163489414440609e-09 0.000000000000000000e+00 -1.733871472286174147e-10 0.000000000000000000e+00 0.000000000000000000e+00 2.450799671442737207e-02
2.987608088153032440e+04 2.748957358750558342e+03 0.000000000000000000e+00 2.448947190235827520e+01 -2.236520885045345120e-10 -3.492718359545748463e-11 -1.785703330961622425e-10 5.895571189552816680e-13 3.514686227620300157e-13 3.439593548626174189e-09 7.330058639509319726e-09 7.602686137697850999e-09 1.659314703159230296e-08 5.441698018022886347e-09 -1.212702714854666047e-11 -1.897257730129447382e-12 -7.867182522738198057e-12 1.063117287442784030e-09 0.000000000000000000e+00 -1.733871472285955203e-10 0.000000000000000000e+00 0.000000000000000000e+00 2.423183788860864760e-02
2.989851314532204924e+04 2.750976262491813941e+03 0.000000000000000000e+00 2.056610841308989990e+01 -2.236520885045364249e-10 -3.492718359545754925e-11 -1.785703330960023899e-10 5.562936399222446654e-13 3.242604602843292665e-13 3.343509080201629206e-09 7.126142565807365618e-09 7.394493391858872715e-09 1.615340262535088059e-08 5.349067237141122898e-09 -1.212702714854666047e-11 -1.897257730129447382e-12 -7.867182522738198057e-12 1.059464193232917790e-09 0.000000000000000000e+00 -1.733871472285734449e-10 0.000000000000000000e+00 0.000000000000000000e+00 2.371763958227135830e-02
2.994563364338841711e+04 2.755217107317786940e+03 0.000000000000000000e+00 1.166615355469007831e+01 -2.236520885045392166e-10 -3.492718359545763973e-11 -1.785703330957672896e-10 4.941212819869650671e-13 2.749243937890183637e-13 3.151154354059195257e-09 6.719640270241158648e-09 6.979607318863049044e-09 1.513646819615286341e-08 5.157970992592110026e-09 -1.212702714854666047e-11 -1.897257730129447382e-12 -7.867182522738198057e-12 1.051445962121746310e-09 0.000000000000000000e+00 -1.733871472285409780e-10 0.000000000000000000e+00 0.000000000000000000e+00 2.247925528492242253e-02
2.996664798021049501e+04 2.757108397631774096e+03 0.000000000000000000e+00 7.362936179661810243e+00 -2.236520885045393976e-10 -3.492718359545764619e-11 -1.785703330957517024e-10 4.699813063464788545e-13 2.564448111635168194e-13 3.070966226594976513e-09 6.550984552924329405e-09 6.807586748267631775e-09 1.463145305605348651e-08 5.075971072940025519e-09 -1.212702714854666047e-11 -1.897257730129447382e-12 -7.867182522738198057e-12 1.047814531101424735e-09 0.000000000000000000e+00 -1.733871472285388325e-10 0.000000000000000000e+00 0.000000000000000000e+00 2.193511735746982855e-02
2.998766231703257290e+04 2.758999687945761252e+03 0.000000000000000000e+00 2.766122528758026444e+00 -2.236520885045394751e-10 -3.492718359545764619e-11 -1.785703330957465067e-10 4.484944593656548279e-13 2.402956205222013845e-13 2.996615505773895367e-09 6.394925441195476903e-09 6.648414821017527036e-09 1.414206599548757892e-08 4.998582382018979310e-09 -1.212702714854666047e-11 -1.897257730129447382e-12 -7.867182522738198057e-12 1.044259073306448803e-09 0.000000000000000000e+00 -1.733871472285381088e-10 0.000000000000000000e+00 0.000000000000000000e+00 2.137173659306403420e-02
