0.000000000000000000e+00 1.237385590083652289e+02 0.000000000000000000e+00 8.028727674445570983e+02 2.091481963142079826e-10 2.173718670837260518e-09 3.305548338882007162e-09 6.671979782860001166e-11 6.736998244186420397e-11 4.669789529921339132e-08 8.155150135739179215e-08 9.329321460546631977e-08 1.048478692696072534e-07 1.288783689741124624e-07 9.480914062961186218e-08 1.614739227337102510e-07 2.066928763764406424e-07 1.878629942765846569e-07 0.000000000000000000e+00 1.204852922036246848e-10 0.000000000000000000e+00 0.000000000000000000e+00 6.195783222422960312e-01
1.378088141346624218e-01 1.237509618016373452e+02 0.000000000000000000e+00 8.028654362777989490e+02 2.089617667792226902e-10 2.173377782191532140e-09 3.305457859062506435e-09 6.671937333188336668e-11 6.736956940759519756e-11 4.669788782342462300e-08 8.155148196417298285e-08 9.329319557633649662e-08 1.048478675990029407e-07 1.288783649036598473e-07 9.480512586939139872e-08 1.614724321481898802e-07 2.066923893385550626e-07 1.878629942227202701e-07 0.000000000000000000e+00 1.204762436397310326e-10 0.000000000000000000e+00 0.000000000000000000e+00 6.202144517581715810e-01
2.998775998880101383e+02 1.507275429982861397e+02 0.000000000000000000e+00 7.869288456569044001e+02 -1.998506718141299704e-10 1.594860827312307163e-09 3.117913201707748937e-09 6.580151352958370707e-11 6.647575038164304183e-11 4.668146354512544875e-08 8.150890638568084394e-08 9.325138791061779814e-08 1.048441455983651627e-07 1.288694215313464207e-07 8.668817045543075239e-08 1.582457619207658216e-07 2.056227385845750143e-07 1.878628762175451325e-07 0.000000000000000000e+00 -4.477600847837420855e-11 0.000000000000000000e+00 0.000000000000000000e+00 6.126620252414520795e-01
7.946201176699794360e+02 1.952543695986633736e+02 0.000000000000000000e+00 7.606629243900217716e+02 -1.998506718141299963e-10 8.875490464385032603e-10 2.831959572003931223e-09 6.430204268645015478e-11 6.501369499094203370e-11 4.665391525380655847e-08 8.143757198645921247e-08 9.318126067822333990e-08 1.048377686562009052e-07 1.288544181313502771e-07 7.480632203398147130e-08 1.529725830333038520e-07 2.038316081704801003e-07 1.878626791119193564e-07 0.000000000000000000e+00 -4.477600847837420855e-11 0.000000000000000000e+00 0.000000000000000000e+00 6.017001576361463711e-01
1.289362635451948790e+03 2.397811961990406076e+02 0.000000000000000000e+00 7.343926350467513657e+02 -1.998506718141299963e-10 4.292862771845807147e-10 2.568570892825313537e-09 6.281928735160626831e-11 6.356608163045156192e-11 4.662594301628278081e-08 8.136522660741796757e-08 9.311005772593801974e-08 1.048311298892843128e-07 1.288391801762261552e-07 6.433455600626999343e-08 1.477581964463873045e-07 2.020157813886908201e-07 1.878624797890784059e-07 0.000000000000000000e+00 -4.477600847837420855e-11 0.000000000000000000e+00 0.000000000000000000e+00 5.917318108637018570e-01
1.784105153233917918e+03 2.843080227994178131e+02 0.000000000000000000e+00 7.080800427122759402e+02 -1.998506718141299963e-10 1.736919829470640703e-10 2.326127043502207190e-09 6.135211890107689088e-11 6.213190982429927730e-11 4.659749780924735662e-08 8.129176294348336590e-08 9.303767564772592403e-08 1.048241328818505428e-07 1.288236781277049730e-07 5.512881020184733178e-08 1.426001024227425957e-07 2.001729585526526104e-07 1.878622778224525183e-07 0.000000000000000000e+00 -4.477600847837420855e-11 0.000000000000000000e+00 0.000000000000000000e+00 5.827315803515270565e-01
2.278847671015887045e+03 3.288348493997950186e+02 0.000000000000000000e+00 6.817224283683931390e+02 -1.998506718141299963e-10 6.879046601273302373e-11 2.103530113354414199e-09 5.990214318858157710e-11 6.071283793238576527e-11 4.656861016189651052e-08 8.121725713155002464e-08 9.296418948495532871e-08 1.048167851312375701e-07 1.288079282387413990e-07 4.707649930814827116e-08 1.375102584404828361e-07 1.983062061432588497e-07 1.878620734177819200e-07 0.000000000000000000e+00 -4.477600847837420855e-11 0.000000000000000000e+00 0.000000000000000000e+00 5.744514217148853907e-01
3.496088754397581397e+03 4.383865469041474512e+02 0.000000000000000000e+00 6.165329510889106359e+02 -1.998506718141299963e-10 -1.724111036763705418e-11 1.626032515881970320e-09 5.640585544922902802e-11 5.728481245157566188e-11 4.649568277016427000e-08 8.102963129407496639e-08 9.277883590163599662e-08 1.047968815338980623e-07 1.287681275095958423e-07 3.090799701335150598e-08 1.252959299616266778e-07 1.936202162312335876e-07 1.878615598161748819e-07 0.000000000000000000e+00 -4.477600847837420855e-11 0.000000000000000000e+00 0.000000000000000000e+00 5.565568577433607222e-01
4.713329837779275294e+03 5.479382444084999406e+02 0.000000000000000000e+00 5.508105788993691476e+02 -1.998506718141299963e-10 -1.189075312587875220e-10 1.239438243350822872e-09 5.300544776640038439e-11 5.394230039530472242e-11 4.642013768650165712e-08 8.083595061791234883e-08 9.258709473309336143e-08 1.047740649398348592e-07 1.287268378249979173e-07 1.976005170365155029e-08 1.135173906779811408e-07 1.888043034153339385e-07 1.878610309465974286e-07 0.000000000000000000e+00 -4.477600847837420855e-11 0.000000000000000000e+00 0.000000000000000000e+00 5.417356095429525231e-01
5.930570921160969192e+03 6.574899419128523732e+02 0.000000000000000000e+00 4.842994086887521803e+02 -1.998506718141299963e-10 -1.527963382225043187e-10 9.282359832761466017e-10 4.971216019586974685e-11 5.069742446963847743e-11 4.634169872360157440e-08 8.063566642790033331e-08 9.238843795036154706e-08 1.047470160321543732e-07 1.286838772211138678e-07 1.154174017178907299e-08 1.022750453310053206e-07 1.838657519665862845e-07 1.878604842968132866e-07 0.000000000000000000e+00 -4.477600847837420855e-11 0.000000000000000000e+00 0.000000000000000000e+00 5.291369082056831541e-01
7.147812004542663090e+03 7.670416394172048058e+02 0.000000000000000000e+00 4.167480079760987906e+02 -1.998506718141299963e-10 -1.640926072104099435e-10 6.851234732697051241e-10 4.651903943319075064e-11 4.754331326828614208e-11 4.625972164295391020e-08 8.042738894421531443e-08 9.218146048532057451e-08 1.047135093861319461e-07 1.286388648555323680e-07 6.602831645111464887e-09 9.154901547528773242e-08 1.787737390590489856e-07 1.878599152209550281e-07 0.000000000000000000e+00 -4.477600847837420855e-11 0.000000000000000000e+00 0.000000000000000000e+00 5.189762664032346873e-01
9.365160254458580312e+03 9.666029819096373785e+02 0.000000000000000000e+00 2.898000890967215355e+02 -1.998506718141299963e-10 -1.765873805320257105e-10 3.701660532649910728e-10 4.095106771509203689e-11 4.202556674738125358e-11 4.609908548427875138e-08 8.002303265352177037e-08 9.177872315606028026e-08 1.046187327855843193e-07 1.285502128568297810e-07 7.757428478131360132e-10 7.344530557935023509e-08 1.690568067820917922e-07 1.878588028272981231e-07 0.000000000000000000e+00 -4.477600847837420855e-11 0.000000000000000000e+00 0.000000000000000000e+00 5.037786572918019345e-01
1.158250850437449844e+04 1.166164324402069951e+03 0.000000000000000000e+00 1.550551389469266894e+02 -1.998506718141299963e-10 -1.807523049725643081e-10 1.935109224537936508e-10 3.560644684496383626e-11 3.670531820589602741e-11 4.591606476817779256e-08 7.957049853493669338e-08 9.132698409999969331e-08 1.043916334674291281e-07 1.284482713272069384e-07 -1.166620084619640140e-09 5.685622507090283701e-08 1.584025420389167686e-07 1.878575332376357158e-07 0.000000000000000000e+00 -4.477600847837420855e-11 0.000000000000000000e+00 0.000000000000000000e+00 4.946265810460152568e-01
1.260000813956102320e+04 1.257739291568857197e+03 0.000000000000000000e+00 9.099726346285093825e+01 -1.998506718141299963e-10 -1.810446438545315988e-10 1.430127227626943229e-10 3.325712059563433652e-11 3.435900491398345807e-11 4.582536747586620963e-08 7.934847330076615176e-08 9.110497669540614829e-08 1.042382148002369631e-07 1.283974645419384796e-07 -1.302955861210263030e-09 4.991026667636178427e-08 1.532764312042754987e-07 1.878569035580029699e-07 0.000000000000000000e+00 -4.477600847837420855e-11 0.000000000000000000e+00 0.000000000000000000e+00 4.891376505134816255e-01
1.315845910450571864e+04 1.307999878413879742e+03 0.000000000000000000e+00 5.496852709416945260e+01 -1.998506718141299963e-10 -1.810739978277719707e-10 1.199540629368547474e-10 3.198557807029768341e-11 3.308708394690857146e-11 4.577287180483713168e-08 7.922092046811902446e-08 9.097736159612294898e-08 1.041196389835576042e-07 1.283679365885320256e-07 -1.316645441983155543e-09 4.624689138605620873e-08 1.503579217064864711e-07 1.878565380736691331e-07 0.000000000000000000e+00 -4.477600847837420855e-11 0.000000000000000000e+00 0.000000000000000000e+00 4.883119933801861046e-01
1.371691006945041408e+04 1.358260465258902286e+03 0.000000000000000000e+00 1.731110476479256732e+01 -1.998506718141299963e-10 -1.810837824855187614e-10 9.929704972522647089e-11 3.067634019091184884e-11 3.177631255599860212e-11 4.571482672522998020e-08 7.908194535155311560e-08 9.083839803644533659e-08 1.038634671153775027e-07 1.283350400335372937e-07 -1.321208635574119852e-09 4.249075437443226507e-08 1.471686981816232949e-07 1.878561295055185302e-07 0.000000000000000000e+00 -4.477600847837420855e-11 0.000000000000000000e+00 0.000000000000000000e+00 4.921229425086480203e-01
1.396508023266565033e+04 1.380595779948273503e+03 0.000000000000000000e+00 8.793348311851545418e-02 -1.998506718141299963e-10 -1.810844265857066027e-10 9.091449478131711393e-11 3.008421235209337244e-11 3.118311913850055616e-11 4.568727341872488939e-08 7.901658223845540954e-08 9.077305957716505127e-08 1.036944860978698178e-07 1.283193488525603311e-07 -1.321509019494047428e-09 4.080288873716698590e-08 1.456679933303141352e-07 1.878559342176332675e-07 0.000000000000000000e+00 -4.477600847837420855e-11 0.000000000000000000e+00 0.000000000000000000e+00 4.924964313723650955e-01
