0.000000000000000000e+00 5.720968199942259957e+01 0.000000000000000000e+00 7.867834037145649972e+02 1.438369014029591207e-06 2.698094431176023751e-08 7.014863398782311306e-09 7.656281845760102265e-11 5.511488941912508390e-11 8.107962565139029147e-09 1.845691197683100474e-08 1.867635360250711975e-08 3.273986672863522880e-08 1.059974092132111208e-08 1.610776791976562345e-11 2.510573526745004034e-11 1.733274161479691104e-10 1.868874512732182537e-09 0.000000000000000000e+00 3.419931046780805500e-09 0.000000000000000000e+00 0.000000000000000000e+00 8.728193471965249861e-01
7.078323668141808800e-02 5.721605249072392496e+01 0.000000000000000000e+00 7.867662838895569166e+02 1.438176811011104076e-06 2.697806160060787341e-08 7.014512464268357224e-09 7.656136704387281881e-11 5.511346044605322723e-11 8.107921770081314422e-09 1.845681073438631692e-08 1.867625164395903010e-08 3.273985806365080210e-08 1.059971625907751511e-08 1.606804877331855959e-11 2.507079790911163897e-11 1.731893497033458111e-10 1.868874093373938404e-09 0.000000000000000000e+00 3.420063331162328577e-09 0.000000000000000000e+00 0.000000000000000000e+00 8.738771736629323827e-01
2.873574971474655015e+01 5.979589947374978465e+01 0.000000000000000000e+00 7.798882560951205960e+02 1.362750717271486292e-06 2.583177426252450143e-08 6.871418157674930035e-09 7.596123675143110011e-11 5.452396922212574358e-11 8.090848691979677494e-09 1.841447122610477124e-08 1.863360967444826477e-08 3.273620158546862786e-08 1.058935782931557998e-08 -5.647257530373927984e-13 1.414535916510086601e-11 1.283092516886236543e-10 1.868696589310062173e-09 0.000000000000000000e+00 3.458313834120864220e-09 0.000000000000000000e+00 0.000000000000000000e+00 8.311216163398331691e-01
1.011014911330988895e+02 6.630881620140149835e+01 0.000000000000000000e+00 7.627719859488080374e+02 1.182528864877274985e-06 2.303263284506214346e-08 6.506516529209216199e-09 7.439275556749494469e-11 5.298984368866099487e-11 8.045301841642252798e-09 1.830165174653053786e-08 1.851996841981928346e-08 3.272634244846089365e-08 1.056155707291102440e-08 -1.456140542082488546e-11 -3.797715851065519019e-13 4.016944927748260312e-11 1.868214086039550139e-09 0.000000000000000000e+00 3.498120195120994658e-09 0.000000000000000000e+00 0.000000000000000000e+00 7.287739359894608304e-01
1.734672325514512181e+02 7.282173292905321205e+01 0.000000000000000000e+00 7.460078392702869223e+02 1.015854015766750357e-06 2.036513082261443905e-08 6.137112324776995864e-09 7.275015842051329902e-11 5.139311358040216285e-11 7.996316656660013390e-09 1.818049354757916561e-08 1.839790694634392421e-08 3.271557592324823743e-08 1.053142967585459110e-08 -1.922696531008738086e-11 -5.221481835175692284e-12 3.444892551470696568e-12 1.867683119928289798e-09 0.000000000000000000e+00 3.464068057781491727e-09 0.000000000000000000e+00 0.000000000000000000e+00 6.340005978874276860e-01
2.458329739698035610e+02 7.933464965670492575e+01 0.000000000000000000e+00 7.296512557078855252e+02 8.636624310707557026e-07 1.784782763978780110e-08 5.763553940460194273e-09 7.102410973923252517e-11 4.972768374874094846e-11 7.943406646763032305e-09 1.804982279988979895e-08 1.826624354791843337e-08 3.270369474008243271e-08 1.049864358530356721e-08 -2.078215193984154815e-11 -6.835385251865405476e-12 -2.230417480903957777e-11 1.867097180103344787e-09 0.000000000000000000e+00 3.356849169557114956e-09 0.000000000000000000e+00 0.000000000000000000e+00 5.473623916142483781e-01
3.649795788977778557e+02 9.005784410022261000e+01 0.000000000000000000e+00 7.037286773564551368e+02 6.442761867793374699e-07 1.406600386931378264e-08 5.144189682121026767e-09 6.799339347402568880e-11 4.683949066393557473e-11 7.847125369662477041e-09 1.781246332099070536e-08 1.802705217757324761e-08 3.268121371302441228e-08 1.043845448661953288e-08 -2.218741804258563168e-11 -8.293707823051233729e-12 -3.838265338464174502e-11 1.866007481399963269e-09 0.000000000000000000e+00 3.057388119529230654e-09 0.000000000000000000e+00 0.000000000000000000e+00 4.221566587084942812e-01
6.201555992024566422e+02 1.130236859276436974e+02 0.000000000000000000e+00 6.536530152328357417e+02 2.970053991122134125e-07 7.645784961546084325e-09 3.859913727250165886e-09 6.091571130227831137e-11 4.031203146361963447e-11 7.613450784557755423e-09 1.723628501179082880e-08 1.744643558582695444e-08 3.262160599135281206e-08 1.029231986654591743e-08 -2.433600874624124112e-11 -1.052341955754941507e-11 -6.296594727396708804e-11 1.863442586627620301e-09 0.000000000000000000e+00 2.199339341425579956e-09 0.000000000000000000e+00 0.000000000000000000e+00 2.226741452199282600e-01
6.839496042786263388e+02 1.187651463844989763e+02 0.000000000000000000e+00 6.423338376857902858e+02 2.360615346651802577e-07 6.390775425186550652e-09 3.551882950155545577e-09 5.905270437323785356e-11 3.863800662652790330e-11 7.551011668268519237e-09 1.708211940692340449e-08 1.729109801207217554e-08 3.260472179167281293e-08 1.025347817710967026e-08 -2.438077105256739891e-11 -1.056987188535145930e-11 -6.347809922999469168e-11 1.862786080090554612e-09 0.000000000000000000e+00 1.894789510839322712e-09 0.000000000000000000e+00 0.000000000000000000e+00 1.873313378469811108e-01
7.477436093547960354e+02 1.245066068413542553e+02 0.000000000000000000e+00 6.316491725034535420e+02 1.843531196649157993e-07 5.292310974635555594e-09 3.260632891333899038e-09 5.722951104461219095e-11 3.702437713438405160e-11 7.491309241489559736e-09 1.693418540684539685e-08 1.714208548352452232e-08 3.258800090575455226e-08 1.021693230494729084e-08 -2.439569182134278699e-11 -1.058535599461880738e-11 -6.364881654867055095e-11 1.862203309163427683e-09 0.000000000000000000e+00 1.597560252920928691e-09 0.000000000000000000e+00 0.000000000000000000e+00 1.572614371630761398e-01
8.115376144309657320e+02 1.302480672982095200e+02 0.000000000000000000e+00 6.217091387713061295e+02 1.413377124505702086e-07 4.356896073886026056e-09 2.995202606507115300e-09 5.552536664833959668e-11 3.554286195314748058e-11 7.438458547855599535e-09 1.680236863929317902e-08 1.700939179313748742e-08 3.257258412129623935e-08 1.018552058823449935e-08 -2.440066541093458517e-11 -1.059051736437459007e-11 -6.370572232156249973e-11 1.861748217448945459e-09 0.000000000000000000e+00 1.305318580682589523e-09 0.000000000000000000e+00 0.000000000000000000e+00 1.321674312661634543e-01
9.275491795283850252e+02 1.406891081569772552e+02 0.000000000000000000e+00 6.065809246110258073e+02 8.385827500792644221e-08 3.142233360707458513e-09 2.644163104249645622e-09 5.332433474654889863e-11 3.369230069442707957e-11 7.381876581878640718e-09 1.665879176106307691e-08 1.686523489439643657e-08 3.255501221375536832e-08 1.015410475229993659e-08 -2.440216068256924411e-11 -1.059206909067797137e-11 -6.372283060653117229e-11 1.861360163622125221e-09 0.000000000000000000e+00 8.132314869592823233e-10 0.000000000000000000e+00 0.000000000000000000e+00 9.863373032273577146e-02
1.043560744625804318e+03 1.511301490157449905e+02 0.000000000000000000e+00 5.964794303233245500e+02 4.693571024360264337e-08 2.454327442976461279e-09 2.457666499596406558e-09 5.224156350031522670e-11 3.284222394315442050e-11 7.363119370941786477e-09 1.660944233285128322e-08 1.681608010657589452e-08 3.254846708874460935e-08 1.014501405302889836e-08 -2.440071263686174215e-11 -1.059056637333836268e-11 -6.370626266125797168e-11 1.861283359063809270e-09 0.000000000000000000e+00 3.895550416850626827e-10 0.000000000000000000e+00 0.000000000000000000e+00 7.716624909236062535e-02
1.159572309723223498e+03 1.615711898745127257e+02 0.000000000000000000e+00 5.898846134874088420e+02 2.297663511072645701e-08 2.010147257610307808e-09 2.350272626031009083e-09 5.169982726817913762e-11 3.247045662967176083e-11 7.360212601793091990e-09 1.660023370371146657e-08 1.680737239171969292e-08 3.254684450587084353e-08 1.014458324987311498e-08 -2.439951928565975600e-11 -1.058932796661254178e-11 -6.369260882608980206e-11 1.861304438510009595e-09 0.000000000000000000e+00 7.408986218500882882e-11 0.000000000000000000e+00 0.000000000000000000e+00 6.324363986400845239e-02
1.188575200997578349e+03 1.641814500892046453e+02 0.000000000000000000e+00 5.886026756104621427e+02 1.829771477196201620e-08 1.906350297171746061e-09 2.326160305780643610e-09 5.158431621545364174e-11 3.239478484642175742e-11 7.359698970751441363e-09 1.659859081906508428e-08 1.680585990438298034e-08 3.254656059643849357e-08 1.014445996790170046e-08 -2.439950417709934559e-11 -1.058931228762147918e-11 -6.369243596013623978e-11 1.861304856215368399e-09 0.000000000000000000e+00 4.810090781584341154e-11 0.000000000000000000e+00 0.000000000000000000e+00 6.053201154351757485e-02
1.217578092271933201e+03 1.667917103038965649e+02 0.000000000000000000e+00 5.874231241532851300e+02 1.421319499421133770e-08 1.802300667752322343e-09 2.301563380770459828e-09 5.146671860925212202e-11 3.231832630106578785e-11 7.359158746141175212e-09 1.659688104997069692e-08 1.680428828735976079e-08 3.254626965057547600e-08 1.014431213706268590e-08 -2.439950884538114326e-11 -1.058931713215640307e-11 -6.369248937270252059e-11 1.861304625053488807e-09 0.000000000000000000e+00 2.713525611612180931e-11 0.000000000000000000e+00 0.000000000000000000e+00 5.815521363710667718e-02
1.285729915962173664e+03 1.729253744360181884e+02 0.000000000000000000e+00 5.849842225253936476e+02 6.922334496283521976e-09 1.559521893089655608e-09 2.241294946099287286e-09 5.117890481950922186e-11 3.213376479115192539e-11 7.357841366266682434e-09 1.659271055012856501e-08 1.680048339700275088e-08 3.254556287508849668e-08 1.014392195068160723e-08 -2.439957493844919140e-11 -1.058938572059865348e-11 -6.369324558248836805e-11 1.861302694894937810e-09 0.000000000000000000e+00 5.769560568238676396e-11 0.000000000000000000e+00 0.000000000000000000e+00 5.390788226681798162e-02
1.409081700318118237e+03 1.840270350280532057e+02 0.000000000000000000e+00 5.813383341070159531e+02 7.511200067177775530e-11 1.153320261218045604e-09 2.124973772356930797e-09 5.061730091488938484e-11 3.178040481528512169e-11 7.355254469764284202e-09 1.658452855294384684e-08 1.679309813935811057e-08 3.254418649105860607e-08 1.014306323311471555e-08 -2.439989378946798214e-11 -1.058971660998440310e-11 -6.369689374511354904e-11 1.861294538928351586e-09 0.000000000000000000e+00 3.139779216588659723e-10 0.000000000000000000e+00 0.000000000000000000e+00 4.990817636170740562e-02
1.484329667823566524e+03 1.907993521035435549e+02 0.000000000000000000e+00 5.793093842772243534e+02 -8.048604351737224292e-10 9.348839419411192626e-10 2.048124163972510571e-09 5.023479074008682710e-11 3.154130538314504391e-11 7.353548248571173670e-09 1.657901189651279637e-08 1.678815952158841879e-08 3.254322695745372552e-08 1.014257021030462949e-08 -2.439995593097303953e-11 -1.058978109767058383e-11 -6.369760474273583460e-11 1.861292436523190937e-09 0.000000000000000000e+00 4.505178243930157101e-11 0.000000000000000000e+00 0.000000000000000000e+00 4.909447757037221916e-02
1.559577635329014811e+03 1.975716691790339041e+02 0.000000000000000000e+00 5.773129690364047519e+02 -7.831096479683783339e-10 7.498508358839947355e-10 1.970856539564757672e-09 4.983924487457150467e-11 3.129432247167281230e-11 7.351790564814615836e-09 1.657328900875707499e-08 1.678304730534933631e-08 3.254221811129973008e-08 1.014208955397550647e-08 -2.439996488383526249e-11 -1.058979038855223965e-11 -6.369770717771462178e-11 1.861291499040917325e-09 0.000000000000000000e+00 -1.498799343835493596e-10 0.000000000000000000e+00 0.000000000000000000e+00 4.884548044465315819e-02
1.634825602834463098e+03 2.043439862545242534e+02 0.000000000000000000e+00 5.753167792202173132e+02 -6.092732495930682993e-10 5.986663385472428457e-10 1.895578815432919426e-09 4.944225980275702376e-11 3.104644779856436665e-11 7.350017456903031729e-09 1.656750734380164200e-08 1.677788415872835859e-08 3.254119213773499690e-08 1.014161184057874562e-08 -2.439995928265575786e-11 -1.058978457589762340e-11 -6.369764309131525966e-11 1.861290882070816349e-09 0.000000000000000000e+00 -4.410264993800296788e-10 0.000000000000000000e+00 0.000000000000000000e+00 4.864837251466082313e-02
1.729081380048187611e+03 2.128270062037594528e+02 0.000000000000000000e+00 5.728162031922540791e+02 -4.103975701714208572e-10 4.511938134935795170e-10 1.804706377385574357e-09 4.894625736128387040e-11 3.073674314682968566e-11 7.347781297646046258e-09 1.656021481175072566e-08 1.677137234933950340e-08 3.253989107058705445e-08 1.014101058705135739e-08 -2.439994951202942043e-11 -1.058977443637679229e-11 -6.369753129981475380e-11 1.861290165758063780e-09 0.000000000000000000e+00 -6.120089651747570831e-10 0.000000000000000000e+00 0.000000000000000000e+00 4.852496184732831008e-02
1.823337157261912125e+03 2.213100261529946522e+02 0.000000000000000000e+00 5.703146699399914041e+02 -3.161339068524319462e-10 3.398209297122966855e-10 1.717928587005965393e-09 4.845391948725753682e-11 3.042931154034725805e-11 7.345536360855311544e-09 1.655289799699314881e-08 1.676483815354365375e-08 3.253857792998233972e-08 1.014040465556781152e-08 -2.439994405295986816e-11 -1.058976877119755626e-11 -6.369746883937919616e-11 1.861289350108614491e-09 0.000000000000000000e+00 -6.531389696201487811e-10 0.000000000000000000e+00 0.000000000000000000e+00 4.843956090475194654e-02
1.917592934475636639e+03 2.297930461022298516e+02 0.000000000000000000e+00 5.678140637475752328e+02 -2.923071537261021930e-10 2.567777526304201543e-10 1.635159974694398494e-09 4.796550679713233387e-11 3.012432718219254497e-11 7.343284575545018666e-09 1.654556292675507356e-08 1.675828696994441800e-08 3.253725333884142881e-08 1.013979482755176252e-08 -2.439994235548403144e-11 -1.058976700963273826e-11 -6.369744941755665468e-11 1.861288447589039223e-09 0.000000000000000000e+00 -6.482248877590838948e-10 0.000000000000000000e+00 0.000000000000000000e+00 4.835809977512685320e-02
2.079384642890964187e+03 2.443542998596093128e+02 0.000000000000000000e+00 5.635273230917094907e+02 -2.689058434805805263e-10 1.500445319461825810e-10 1.501686224274794676e-09 4.713599527011288203e-11 2.960635857291769949e-11 7.339406883849214411e-09 1.653293514158711480e-08 1.674700791374046777e-08 3.253496040705751867e-08 1.013874365476405824e-08 -2.439994068831778226e-11 -1.058976527952185887e-11 -6.369743034252396276e-11 1.861286864813443769e-09 0.000000000000000000e+00 -6.433985501715427050e-10 0.000000000000000000e+00 0.000000000000000000e+00 4.822624335310479043e-02
2.241176351306291508e+03 2.589155536169888023e+02 0.000000000000000000e+00 5.592468243553440743e+02 -2.611054067320733385e-10 8.410016922313978940e-11 1.378531191472866965e-09 4.631762288656751335e-11 2.909535746904028757e-11 7.335513666106218954e-09 1.652026125031301483e-08 1.673568671741049042e-08 3.253264173361557204e-08 1.013768720816517997e-08 -2.439994013259570028e-11 -1.058976470281823241e-11 -6.369742398417974074e-11 1.861285250036735532e-09 0.000000000000000000e+00 -6.417897709756956417e-10 0.000000000000000000e+00 0.000000000000000000e+00 4.811364148047266726e-02
2.594963347696791971e+03 2.907563832921338189e+02 0.000000000000000000e+00 5.498960442388356569e+02 -2.486726087929044054e-10 -4.024723893399969099e-11 1.140689876128579460e-09 4.457043628671303412e-11 2.800435512048491828e-11 7.326970348848106834e-09 1.649246306516565433e-08 1.671085098581820879e-08 3.252750541015665593e-08 1.013536696293824275e-08 -2.439993924685293956e-11 -1.058976378363384715e-11 -6.369741384987424462e-11 1.861281696977356447e-09 0.000000000000000000e+00 -6.392256034405210845e-10 0.000000000000000000e+00 0.000000000000000000e+00 4.789008708257914276e-02
3.161448527585987449e+03 3.417400494821613961e+02 0.000000000000000000e+00 5.349443229732581813e+02 -2.380473138693838984e-10 -1.182916472673334392e-10 8.334949567108080621e-10 4.188811514153270406e-11 2.632932961365097318e-11 7.313192729753360812e-09 1.644767615886830718e-08 1.667082503070820805e-08 3.251904691486040388e-08 1.013161945456790604e-08 -2.439993848988109096e-11 -1.058976299808217652e-11 -6.369740518891270225e-11 1.861275945359740887e-09 0.000000000000000000e+00 -6.370342192945025178e-10 0.000000000000000000e+00 0.000000000000000000e+00 4.764080122161459818e-02
4.408998957384266760e+03 4.540195881640065636e+02 0.000000000000000000e+00 5.019676527459774888e+02 -2.208698575045498236e-10 -2.444626785953703898e-10 3.795882162818797676e-10 3.646047675036971247e-11 2.293911511758637368e-11 7.282466838363024007e-09 1.634803324820036937e-08 1.658171757846506264e-08 3.249902148114166238e-08 1.012323573389349374e-08 -2.439993726611732541e-11 -1.058976172811464812e-11 -6.369739118710946629e-11 1.861263072799143695e-09 0.000000000000000000e+00 -6.334915029917769424e-10 0.000000000000000000e+00 0.000000000000000000e+00 4.726007334899340329e-02
5.656549387182545615e+03 5.662991268458516743e+02 0.000000000000000000e+00 4.688946088501874669e+02 -2.151440387162717556e-10 -2.865196890380493561e-10 1.812657751941324480e-10 3.165284001031978239e-11 1.993493957809781243e-11 7.251224005521549849e-09 1.624705374530369490e-08 1.649133529345421665e-08 3.247687595841359439e-08 1.011467367852991687e-08 -2.439993685819607238e-11 -1.058976130479213865e-11 -6.369738651984172096e-11 1.861249914508896969e-09 0.000000000000000000e+00 -6.323105975575350494e-10 0.000000000000000000e+00 0.000000000000000000e+00 4.706513648094003133e-02
6.904099816980824471e+03 6.785786655276967849e+02 0.000000000000000000e+00 4.356181985098887139e+02 -2.132354324535123996e-10 -3.005386925189423276e-10 1.136645574985677197e-10 2.740928509862166166e-11 1.728181808883349802e-11 7.219449468747608683e-09 1.614474972947896135e-08 1.639968664640485615e-08 3.245193200755161952e-08 1.010592571158300758e-08 -2.439993672222232352e-11 -1.058976116368463549e-11 -6.369738496408580155e-11 1.861236468105956024e-09 0.000000000000000000e+00 -6.319169624127877518e-10 0.000000000000000000e+00 0.000000000000000000e+00 4.697560176830565398e-02
8.151650246779103327e+03 7.908582042095418956e+02 0.000000000000000000e+00 4.021221630693805764e+02 -2.125992303659259648e-10 -3.052116936792400193e-10 8.780116173019214893e-11 2.368365818735701715e-11 1.495096559568711496e-11 7.187250336166144250e-09 1.604145961142888861e-08 1.630706706435638532e-08 3.242422274864014856e-08 1.009702025008814770e-08 -2.439993667689774057e-11 -1.058976111664880165e-11 -6.369738444550050369e-11 1.861222782537763326e-09 0.000000000000000000e+00 -6.317857506978720548e-10 0.000000000000000000e+00 0.000000000000000000e+00 4.688908842088450324e-02
9.399200676577382183e+03 9.031377428913870062e+02 0.000000000000000000e+00 3.683638430361611995e+02 -2.123871630033971533e-10 -3.067693607326725487e-10 2.907309531726869694e-11 2.041775595499427189e-11 1.290619486516665494e-11 7.154648179410040786e-09 1.593727812743986726e-08 1.621355779341302525e-08 3.239330592183403531e-08 1.008796088946071465e-08 -2.439993666178954518e-11 -1.058976110097018929e-11 -6.369738427263874205e-11 1.861208863997131640e-09 0.000000000000000000e+00 -6.317420134595668915e-10 0.000000000000000000e+00 0.000000000000000000e+00 4.679448657205012574e-02
1.169169518967751355e+04 1.109462249070398684e+03 0.000000000000000000e+00 3.052613448265079796e+02 -2.123220629208241897e-10 -3.072475307470984216e-10 -2.866185391008503301e-11 1.540294233015026028e-11 9.762885625285427105e-12 7.093148899666965212e-09 1.574199797445035523e-08 1.603805518125199655e-08 3.232350669239563471e-08 1.007074851142904257e-08 -2.439993665715165981e-11 -1.058976109615719689e-11 -6.369738421957391668e-11 1.861182421383171720e-09 0.000000000000000000e+00 -6.317285870756518104e-10 0.000000000000000000e+00 0.000000000000000000e+00 4.669641284168454809e-02
1.398418970277764492e+04 1.315786755249410362e+03 0.000000000000000000e+00 2.401674191186816643e+02 -2.123844847291493424e-10 -3.067890330646434786e-10 -9.455890243902155460e-11 1.149428849577725694e-11 7.308020210992758094e-12 7.028847130121909895e-09 1.553982252977773130e-08 1.585607106889744087e-08 3.222507330851985864e-08 1.005256709248279773e-08 -2.439993666159874111e-11 -1.058976110077217970e-11 -6.369738427045560562e-11 1.861154475515117533e-09 0.000000000000000000e+00 -6.317414610864076658e-10 0.000000000000000000e+00 0.000000000000000000e+00 4.666520896894760934e-02
1.627668421587777630e+04 1.522111261428422040e+03 0.000000000000000000e+00 1.722660906403625631e+02 -2.124360440767331602e-10 -3.064103218095492605e-10 -1.259961243706441127e-10 8.452855083609877403e-12 5.393347580612230270e-12 6.960366142525614222e-09 1.532722204538662944e-08 1.566444297989720438e-08 3.206508571605764574e-08 1.003297378582602147e-08 -2.439993666527195294e-11 -1.058976110458407676e-11 -6.369738431248301111e-11 1.861124311870607588e-09 0.000000000000000000e+00 -6.317520947994187734e-10 0.000000000000000000e+00 0.000000000000000000e+00 4.673867741776614043e-02
1.856917872897790585e+04 1.728435767607433718e+03 0.000000000000000000e+00 1.021048183166207082e+02 -2.124575051509546552e-10 -3.062526869531174797e-10 -1.340203476855063837e-10 6.130354561165032105e-12 3.927223514200214728e-12 6.888460216250299459e-09 1.510637092795787142e-08 1.546503925387165189e-08 3.183936134294414272e-08 1.001216290740588160e-08 -2.439993666680088967e-11 -1.058976110617074165e-11 -6.369738432997649812e-11 1.861092238421190642e-09 0.000000000000000000e+00 -6.317565209784701942e-10 0.000000000000000000e+00 0.000000000000000000e+00 4.652369707831344181e-02
1.914230235725293824e+04 1.780016894152186751e+03 0.000000000000000000e+00 8.428245861353758528e+01 -2.124576771821384038e-10 -3.062514233578905001e-10 -1.340371720822323826e-10 5.646567319114964070e-12 3.621193176834553370e-12 6.870060729648719864e-09 1.505019070468872971e-08 1.541425241168842533e-08 3.177243875434725593e-08 1.000680027123079634e-08 -2.439993666681314552e-11 -1.058976110618345956e-11 -6.369738433011671816e-11 1.861083970873780300e-09 0.000000000000000000e+00 -6.317565564585591534e-10 0.000000000000000000e+00 0.000000000000000000e+00 4.646013817443501309e-02
1.971542598552797062e+04 1.831598020696939784e+03 0.000000000000000000e+00 6.634871878806178813e+01 -2.124575667680583043e-10 -3.062522343661133826e-10 -1.339832802070733627e-10 5.197211152235640270e-12 3.336700467635696613e-12 6.851487346846964798e-09 1.499361532482735948e-08 1.536308246174899943e-08 3.170038036950261989e-08 1.000137114349136381e-08 -2.439993666680528084e-11 -1.058976110617529761e-11 -6.369738433002672349e-11 1.861075599117678485e-09 0.000000000000000000e+00 -6.317565336865168756e-10 0.000000000000000000e+00 0.000000000000000000e+00 4.641466338838699107e-02
2.001585173659871361e+04 1.858636338293306608e+03 0.000000000000000000e+00 5.685238132874257388e+01 -2.124575493347742460e-10 -3.062523624162379650e-10 -1.339767290445977572e-10 4.972944450784790996e-12 3.194630807291964794e-12 6.841581071046100036e-09 1.496353539927586457e-08 1.533587018633214811e-08 3.165755583954213040e-08 9.998466976652487636e-09 -2.439993666680404007e-11 -1.058976110617400837e-11 -6.369738433001251925e-11 1.861071116570934859e-09 0.000000000000000000e+00 -6.317565300910381006e-10 0.000000000000000000e+00 0.000000000000000000e+00 4.648615550195618618e-02
2.031627748766945660e+04 1.885674655889673431e+03 0.000000000000000000e+00 4.722111308711284750e+01 -2.124575468685615385e-10 -3.062523805309456829e-10 -1.339763613998544797e-10 4.754469248371974064e-12 3.056171321345528019e-12 6.831441686797309301e-09 1.493286964997146004e-08 1.530812920204502406e-08 3.160649333492435162e-08 9.995486351616674731e-09 -2.439993666680386558e-11 -1.058976110617382581e-11 -6.369738433001050300e-11 1.861066510407971919e-09 0.000000000000000000e+00 -6.317565295824010196e-10 0.000000000000000000e+00 0.000000000000000000e+00 4.659599574094779040e-02
2.053004625919938553e+04 1.904913845327366971e+03 0.000000000000000000e+00 4.027728843016251403e+01 -2.124575474456489526e-10 -3.062523762921507612e-10 -1.339767194346440547e-10 4.602243826908521529e-12 2.959664589265755711e-12 6.824064825675584871e-09 1.491064077239083697e-08 1.528802180898036703e-08 3.156392100592623482e-08 9.993312359271343077e-09 -2.439993666680390759e-11 -1.058976110617386943e-11 -6.369738433001098121e-11 1.861063146573687160e-09 0.000000000000000000e+00 -6.317565297014207292e-10 0.000000000000000000e+00 0.000000000000000000e+00 4.664638475006574470e-02
2.058348845208186685e+04 1.909723642686790299e+03 0.000000000000000000e+00 3.852967861580918196e+01 -2.124575474589740567e-10 -3.062523761942759077e-10 -1.339767254680340437e-10 4.564602950693601692e-12 2.935797247379428911e-12 6.822199007065476905e-09 1.490502908240071120e-08 1.528294585443791866e-08 3.155237838100545664e-08 9.992761761993589356e-09 -2.439993666680390759e-11 -1.058976110617387105e-11 -6.369738433001099413e-11 1.861062294029200536e-09 0.000000000000000000e+00 -6.317565297041689334e-10 0.000000000000000000e+00 0.000000000000000000e+00 4.666414653770448173e-02
2.060906584183129235e+04 1.912025607764238430e+03 0.000000000000000000e+00 3.769066095110412107e+01 -2.124575474590184660e-10 -3.062523761939497400e-10 -1.339767254005105148e-10 4.546611541913434103e-12 2.924389039022844427e-12 6.821300606350829900e-09 1.490232932925167481e-08 1.528050395043916625e-08 3.154662808325058530e-08 9.992496490030718857e-09 -2.439993666680390759e-11 -1.058976110617387105e-11 -6.369738433001099413e-11 1.861061883085149884e-09 0.000000000000000000e+00 -6.317565297041781358e-10 0.000000000000000000e+00 0.000000000000000000e+00 4.669395230839584049e-02
2.062375568560746251e+04 1.913347693704093672e+03 0.000000000000000000e+00 3.609191030980488080e+01 -2.124575474589220736e-10 -3.062523761946577549e-10 -1.339767253485859062e-10 4.471941278256387480e-12 2.859813023782693705e-12 6.775539237229908075e-09 1.480108047206568605e-08 1.517819114594775389e-08 3.138938599132518618e-08 9.954235866022807000e-09 -2.439993666680390759e-11 -1.058976110617387105e-11 -6.369738433001099413e-11 1.859864455825364868e-09 0.000000000000000000e+00 -6.317565297041582835e-10 0.000000000000000000e+00 0.000000000000000000e+00 4.645909544712302497e-02
2.063273372783702143e+04 1.914155717504753966e+03 0.000000000000000000e+00 3.459007118995798180e+01 -2.124575474589095884e-10 -3.062523761947494686e-10 -1.339767253431139513e-10 4.397256260127455010e-12 2.794308462931404938e-12 6.726099003587632303e-09 1.469204464953904895e-08 1.506793117790850813e-08 3.122021206821094026e-08 9.912379674580857191e-09 -2.439993666680390759e-11 -1.058976110617387105e-11 -6.369738433001099413e-11 1.858518664416047150e-09 0.000000000000000000e+00 -6.317565297041558019e-10 0.000000000000000000e+00 0.000000000000000000e+00 4.617882668890906095e-02
2.064171177006658036e+04 1.914963741305414260e+03 0.000000000000000000e+00 3.296058830786477500e+01 -2.124575474589098468e-10 -3.062523761947474006e-10 -1.339767253438553378e-10 4.317307347544400446e-12 2.724355851699972827e-12 6.671395321487546788e-09 1.457165824544095680e-08 1.494618900827305119e-08 3.103091866520763262e-08 9.865507030169767229e-09 -2.439993666680390759e-11 -1.058976110617387105e-11 -6.369738433001099413e-11 1.856964593985027947e-09 0.000000000000000000e+00 -6.317565297041558019e-10 0.000000000000000000e+00 0.000000000000000000e+00 4.588691613514346568e-02
2.065068981229613928e+04 1.915771765106074554e+03 0.000000000000000000e+00 3.129390159850798270e+01 -2.124575474589122767e-10 -3.062523761947294094e-10 -1.339767253453220324e-10 4.237826870798835034e-12 2.655200160056425195e-12 6.615326711600092977e-09 1.444852473848326931e-08 1.482167130080049883e-08 3.083439617992175955e-08 9.816843287407319168e-09 -2.439993666680390759e-11 -1.058976110617387105e-11 -6.369738433001099413e-11 1.855297896331989527e-09 0.000000000000000000e+00 -6.317565297041563189e-10 0.000000000000000000e+00 0.000000000000000000e+00 4.557338665720057219e-02
2.065966785452569820e+04 1.916579788906734848e+03 0.000000000000000000e+00 2.961106481840070970e+01 -2.124575474589138018e-10 -3.062523761947183459e-10 -1.339767253461205978e-10 4.160079909016503062e-12 2.587970609700847341e-12 6.558920618762541321e-09 1.432487110576726982e-08 1.469662486987423964e-08 3.063543225155077407e-08 9.767288528960205384e-09 -2.439993666680390759e-11 -1.058976110617387105e-11 -6.369738433001099413e-11 1.853548603406940887e-09 0.000000000000000000e+00 -6.317565297041566291e-10 0.000000000000000000e+00 0.000000000000000000e+00 4.524636126620737442e-02
2.066864589675525713e+04 1.917387812707395142e+03 0.000000000000000000e+00 2.790841234305986518e+01 -2.124575474589143188e-10 -3.062523761947145719e-10 -1.339767253463621087e-10 4.083956883593352506e-12 2.522568459531838213e-12 6.502194395761926088e-09 1.420070715070441976e-08 1.457105350762626355e-08 3.043515304761767769e-08 9.716875141926321164e-09 -2.439993666680390759e-11 -1.058976110617387105e-11 -6.369738433001099413e-11 1.851718011537365749e-09 0.000000000000000000e+00 -6.317565297041567325e-10 0.000000000000000000e+00 0.000000000000000000e+00 4.491522571554158044e-02
2.069594473808740076e+04 1.919844708427287969e+03 0.000000000000000000e+00 2.249574529407889401e+01 -2.124575474589158956e-10 -3.062523761947029396e-10 -1.339767253471063644e-10 3.862069686950836632e-12 2.334705676738909930e-12 6.330876205319767253e-09 1.382739253981510104e-08 1.419394087683882102e-08 2.968359213728421021e-08 9.562303065054956493e-09 -2.439993666680390759e-11 -1.058976110617387105e-11 -6.369738433001099413e-11 1.845930526625034380e-09 0.000000000000000000e+00 -6.317565297041571461e-10 0.000000000000000000e+00 0.000000000000000000e+00 4.413229770073216068e-02
2.072324357941954440e+04 1.922301604147180797e+03 0.000000000000000000e+00 1.675629175195541976e+01 -2.124575474589164384e-10 -3.062523761946990622e-10 -1.339767253473544410e-10 3.656118038789227682e-12 2.163881571675955690e-12 6.162443739245434455e-09 1.346207493262050183e-08 1.382514644381672822e-08 2.882966324572574281e-08 9.406546480073350224e-09 -2.439993666680390759e-11 -1.058976110617387105e-11 -6.369738433001099413e-11 1.839776841653640767e-09 0.000000000000000000e+00 -6.317565297041572495e-10 0.000000000000000000e+00 0.000000000000000000e+00 4.311094267939024477e-02
2.075054242075168804e+04 1.924758499867073624e+03 0.000000000000000000e+00 1.062960800436651709e+01 -2.124575474589166194e-10 -3.062523761946977698e-10 -1.339767253474371333e-10 3.468662536403547193e-12 2.011448310261443388e-12 6.000552275743476786e-09 1.311228401899248021e-08 1.347215780698098298e-08 2.792385335905251359e-08 9.253290106393894412e-09 -2.439993666680390759e-11 -1.058976110617387105e-11 -6.369738433001099413e-11 1.833401261317418638e-09 0.000000000000000000e+00 -6.317565297041572495e-10 0.000000000000000000e+00 0.000000000000000000e+00 4.204122083722065806e-02
2.077784126208383168e+04 1.927215395586966451e+03 0.000000000000000000e+00 3.965748097823659002e+00 -2.124575474589166711e-10 -3.062523761946973562e-10 -1.339767253474646887e-10 3.304642378760742829e-12 1.880540352573125617e-12 5.851832257416058354e-09 1.279208877266204622e-08 1.314916874439165838e-08 2.699955191228264742e-08 9.109473593848829663e-09 -2.439993666680390759e-11 -1.058976110617387105e-11 -6.369738433001099413e-11 1.827134678839723722e-09 0.000000000000000000e+00 -6.317565297041572495e-10 0.000000000000000000e+00 0.000000000000000000e+00 4.103715257432351271e-02
