0.000000000000000000e+00 5.745214023208299636e+01 0.000000000000000000e+00 7.884039103868939264e+02 9.533344200538050881e-07 1.848039797752004852e-08 5.087088529535735704e-09 5.717947659986787555e-11 4.090911507406001067e-11 6.130880212726929240e-09 1.395049032649246086e-08 1.411672150604663785e-08 2.485332894260182472e-08 8.033442774519906004e-09 1.453459570179152844e-11 9.865917860142524762e-12 7.215721771444948100e-11 1.418758852224100499e-09 0.000000000000000000e+00 2.658085168236814129e-09 0.000000000000000000e+00 0.000000000000000000e+00 5.840363675129336407e-01
6.293056030965077374e-02 5.745780398251086751e+01 0.000000000000000000e+00 7.883898965954358573e+02 9.532007844550158528e-07 1.847833740664289570e-08 5.086824337459223671e-09 5.717835858639906897e-11 4.090802010320007266e-11 6.130848522222282551e-09 1.395041163957203069e-08 1.411664226542251044e-08 2.485332218976580820e-08 8.033423652535869490e-09 1.449768061533048284e-11 9.851837327289943124e-12 7.209849575206761647e-11 1.418758530584993127e-09 0.000000000000000000e+00 2.658112279468078466e-09 0.000000000000000000e+00 0.000000000000000000e+00 5.847068893727260797e-01
2.415203661994991435e+01 5.962582352787848805e+01 0.000000000000000000e+00 7.830723936063866404e+02 9.036383762228447291e-07 1.770473549500638222e-08 4.985235320600727388e-09 5.674276558865118826e-11 4.048245150132747816e-11 6.118383082327650457e-09 1.391947676498667077e-08 1.408548834112921194e-08 2.485064442790189505e-08 8.025882722170041044e-09 3.300358481997045084e-13 5.717533190688230746e-12 5.404802560141782085e-11 1.418631075186384081e-09 0.000000000000000000e+00 2.659258968085013540e-09 0.000000000000000000e+00 0.000000000000000000e+00 5.565808911119718427e-01
1.222031814761174644e+02 6.845042656493356503e+01 0.000000000000000000e+00 7.619754513719699389e+02 7.190143595831118945e-07 1.473285615537667889e-08 4.568439714145433988e-09 5.488669091310732624e-11 3.868265831547438004e-11 6.063876166580320836e-09 1.378438032551312704e-08 1.394941413264067206e-08 2.483874713010870798e-08 7.992687821990271249e-09 -1.889239864000658442e-11 -7.768201878054215203e-14 4.663924052337633513e-13 1.418063462720776604e-09 0.000000000000000000e+00 2.586816054603014797e-09 0.000000000000000000e+00 0.000000000000000000e+00 4.515449048371089624e-01
2.202543263322850180e+02 7.727502960198864912e+01 0.000000000000000000e+00 7.416912726245727754e+02 5.571592291583841000e-07 1.200827080895442636e-08 4.148537786027655882e-09 5.291611608255110347e-11 3.679305266657146430e-11 6.004168099358467020e-09 1.363658669576823222e-08 1.380052516514830974e-08 2.482541474026522369e-08 7.956062289498401391e-09 -2.529987680274201245e-11 -2.009420421936798708e-12 -1.739415199349425689e-11 1.417431073287150350e-09 0.000000000000000000e+00 2.412084862421890480e-09 0.000000000000000000e+00 0.000000000000000000e+00 3.592372573892274046e-01
3.183054711884525432e+02 8.609963263904373321e+01 0.000000000000000000e+00 7.223928981287190254e+02 4.194024237186913736e-07 9.571092754079518224e-09 3.728747673720110113e-09 5.082431436489755155e-11 3.481510868767681139e-11 5.938990165472235130e-09 1.347538639397394356e-08 1.363811375766221384e-08 2.481039765808672316e-08 7.915891987634564566e-09 -2.743570285698715298e-11 -2.653333222988884226e-12 -2.391096609494265006e-11 1.416737228685307958e-09 0.000000000000000000e+00 2.150404707500268078e-09 0.000000000000000000e+00 0.000000000000000000e+00 2.804602504013540831e-01
4.163566160446200684e+02 9.492423567609881729e+01 0.000000000000000000e+00 7.042071942662607853e+02 3.048434772685833300e-07 7.439588922365736653e-09 3.315768173459578204e-09 4.863148332157796047e-11 3.277604118043441065e-11 5.869328533848158674e-09 1.330308209481287258e-08 1.346451860857227174e-08 2.479367099681846274e-08 7.872953095886058941e-09 -2.814764487506886864e-11 -2.867970823339579130e-12 -2.608323746209211553e-11 1.416006602570861530e-09 0.000000000000000000e+00 1.832188689649013839e-09 0.000000000000000000e+00 0.000000000000000000e+00 2.147327546415634947e-01
5.144077609007875935e+02 1.037488387131539014e+02 0.000000000000000000e+00 6.873329244340268360e+02 2.126480571819996477e-07 5.632585902446603612e-09 2.919611600260517748e-09 4.639194888494312031e-11 3.073428622725540017e-11 5.798183602742047316e-09 1.312672668695558632e-08 1.328686886095992194e-08 2.477589073991581507e-08 7.829496451749824906e-09 -2.838495888109610504e-11 -2.939516690123144098e-12 -2.680732791780860510e-11 1.415298330376296319e-09 0.000000000000000000e+00 1.483883447217358745e-09 0.000000000000000000e+00 0.000000000000000000e+00 1.615586606457101171e-01
6.922302140524536753e+02 1.197528594968038504e+02 0.000000000000000000e+00 6.612308260942772904e+02 9.740648362437876708e-08 3.243657687664712579e-09 2.315319002197978032e-09 4.280117180110738936e-11 2.756886788692373888e-11 5.695014813527708887e-09 1.286794523873703738e-08 1.302652197089989982e-08 2.474824138554609265e-08 7.769611322260953553e-09 -2.845591641969982906e-11 -2.960909100496297500e-12 -2.702383294978802049e-11 1.414457383491832534e-09 0.000000000000000000e+00 8.832422982032192127e-10 0.000000000000000000e+00 0.000000000000000000e+00 9.479094614090675941e-02
7.366858273403702242e+02 1.237538646927163200e+02 0.000000000000000000e+00 6.558199919923835068e+02 7.851485015145222773e-08 2.837901716978137688e-09 2.199885107581503669e-09 4.210264582007834659e-11 2.697870047239081750e-11 5.678631065126014713e-09 1.282589955337998943e-08 1.298434523446153201e-08 2.474340008846273836e-08 7.761018077432448206e-09 -2.845470086594458849e-11 -2.960542633095166437e-12 -2.702012406261648151e-11 1.414370621058337495e-09 0.000000000000000000e+00 7.358821169413352622e-10 0.000000000000000000e+00 0.000000000000000000e+00 8.379864190922495237e-02
7.811414406282867731e+02 1.277548698886288037e+02 0.000000000000000000e+00 6.511769854446354202e+02 6.295392227110459845e-08 2.523681046060079226e-09 2.113470448082170874e-09 4.160314375438116627e-11 2.656990625232496325e-11 5.669265440679005848e-09 1.280132157275273669e-08 1.295979459324929195e-08 2.474044765255815508e-08 7.756526875805457744e-09 -2.845386213684880500e-11 -2.960289771491424950e-12 -2.701756493960746017e-11 1.414335497635804600e-09 0.000000000000000000e+00 5.934588587171850670e-10 0.000000000000000000e+00 0.000000000000000000e+00 7.475533553061658454e-02
8.255970539162033219e+02 1.317558750845412874e+02 0.000000000000000000e+00 6.474330552717982528e+02 5.011827029117727603e-08 2.289658827538354017e-09 2.054419568368801458e-09 4.128702054166875422e-11 2.632309487188289250e-11 5.665118258143645487e-09 1.279001544321856639e-08 1.294860444647932855e-08 2.473900602085491661e-08 7.754815158445276252e-09 -2.845354940992516864e-11 -2.960195489998340782e-12 -2.701661074990563432e-11 1.414327603623932936e-09 0.000000000000000000e+00 4.565472846634157556e-10 0.000000000000000000e+00 0.000000000000000000e+00 6.731667755922880747e-02
8.700526672041198708e+02 1.357568802804537711e+02 0.000000000000000000e+00 6.445027036900085022e+02 3.940927717001569018e-08 2.107929301031111201e-09 2.012742712072080502e-09 4.108167293793042014e-11 2.617201366912822144e-11 5.663512629578426521e-09 1.278532288265264980e-08 1.294405333179202551e-08 2.473835005091954970e-08 7.754326996418975810e-09 -2.845350289808208677e-11 -2.960181467521603927e-12 -2.701646883336974667e-11 1.414328456766398351e-09 0.000000000000000000e+00 3.373156329576266237e-10 0.000000000000000000e+00 0.000000000000000000e+00 6.112880117929146012e-02
9.591033758779785785e+02 1.437714440611010502e+02 0.000000000000000000e+00 6.398997560513855660e+02 2.249645657466479956e-08 1.813386318822544201e-09 1.951268536202550431e-09 4.081390450185597456e-11 2.599701482024779454e-11 5.663842438798025370e-09 1.278508226534239107e-08 1.294415665973437339e-08 2.473810540557421141e-08 7.755105964134270526e-09 -2.845372319012285591e-11 -2.960247881574723948e-12 -2.701714098655135661e-11 1.414344698122457740e-09 0.000000000000000000e+00 1.718393145239959148e-10 0.000000000000000000e+00 0.000000000000000000e+00 5.137790074232939652e-02
1.048154084551837286e+03 1.517860078417483294e+02 0.000000000000000000e+00 6.365049914548756078e+02 1.091965975214735036e-08 1.539578387634320974e-09 1.893627905740140821e-09 4.057328852480528240e-11 2.585102247082988492e-11 5.664603577193940614e-09 1.278605989133575330e-08 1.294551790200011024e-08 2.473802312712543139e-08 7.755967588686896960e-09 -2.845395150755325032e-11 -2.960316715137196562e-12 -2.701783762673282601e-11 1.414358521871477409e-09 0.000000000000000000e+00 3.127217985108311754e-11 0.000000000000000000e+00 0.000000000000000000e+00 4.463841168342228688e-02
1.137204793225695994e+03 1.598005716223956085e+02 0.000000000000000000e+00 6.338378535252479651e+02 4.168591595259922220e-09 1.257412168415865222e-09 1.826305177048087188e-09 4.027770540700754680e-11 2.566688247378108919e-11 5.664198684297009987e-09 1.278404599535922920e-08 1.294394678913096542e-08 2.473759530260565658e-08 7.756150349843503269e-09 -2.845405674736518112e-11 -2.960348443030930150e-12 -2.701815873354255604e-11 1.414364022943515162e-09 0.000000000000000000e+00 -2.809302977101943097e-11 0.000000000000000000e+00 0.000000000000000000e+00 4.062873881745922983e-02
1.159467470394160728e+03 1.618042125675574425e+02 0.000000000000000000e+00 6.332295384910670464e+02 3.117765968389505937e-09 1.185026036604063897e-09 1.807100126312267586e-09 4.018972388549485598e-11 2.561038956172960812e-11 5.663825439348181912e-09 1.278283214385834573e-08 1.294285475341550950e-08 2.473740380978303344e-08 7.756052152727725030e-09 -2.845405768673274263e-11 -2.960348726233204795e-12 -2.701816159973278125e-11 1.414363914642905542e-09 0.000000000000000000e+00 -2.857692777886068882e-11 0.000000000000000000e+00 0.000000000000000000e+00 3.998740846133560373e-02
1.181730147562625461e+03 1.638078535127192765e+02 0.000000000000000000e+00 6.326384178981392097e+02 2.288793712704876981e-09 1.114053290986752509e-09 1.787407060662528520e-09 4.009887034888663243e-11 2.555210999760551393e-11 5.663427996374413544e-09 1.278154723480857527e-08 1.294169741576763793e-08 2.473720228288943987e-08 7.755943573909876766e-09 -2.845405717071168206e-11 -2.960348570662218004e-12 -2.701816002525375146e-11 1.414363721689257795e-09 0.000000000000000000e+00 -2.827363372550871233e-11 0.000000000000000000e+00 0.000000000000000000e+00 3.947117160777711964e-02
1.216716955753534194e+03 1.669566662499010476e+02 0.000000000000000000e+00 6.317348939064065689e+02 1.320079746633236952e-09 1.007340546124345460e-09 1.755891171925700313e-09 3.995213023845338772e-11 2.545816131130970466e-11 5.662778105589170452e-09 1.277944851041872744e-08 1.293980837999612965e-08 2.473687334787973781e-08 7.755763606843714383e-09 -2.845405537928121077e-11 -2.960348030578435847e-12 -2.701815455925649047e-11 1.414363357800928906e-09 0.000000000000000000e+00 -2.726666532419093325e-11 0.000000000000000000e+00 0.000000000000000000e+00 3.884952407303323557e-02
1.274769048557090400e+03 1.721813546022211199e+02 0.000000000000000000e+00 6.302888616823559005e+02 4.786839492421537316e-10 8.452574057672941372e-10 1.702664373824267956e-09 3.970041027280050840e-11 2.529767752014105251e-11 5.661673325062760031e-09 1.277586126567693310e-08 1.293659205287865153e-08 2.473630717957244979e-08 7.755461852319955193e-09 -2.845405373526605704e-11 -2.960347534937697582e-12 -2.701814954305158318e-11 1.414362814341404889e-09 0.000000000000000000e+00 -2.634255951261457917e-11 0.000000000000000000e+00 0.000000000000000000e+00 3.825491858124440564e-02
1.364017142353420240e+03 1.802136830438908248e+02 0.000000000000000000e+00 6.281184962366783111e+02 -8.635523338224924136e-11 6.385399352612675498e-10 1.621693067566411722e-09 3.930614615191386762e-11 2.504694743266964262e-11 5.659942436455430068e-09 1.277022327935550875e-08 1.293154872376988656e-08 2.473541179254213137e-08 7.754992825059602073e-09 -2.845405244003664599e-11 -2.960347144449531629e-12 -2.701814559105873316e-11 1.414362031272700308e-09 0.000000000000000000e+00 -2.561450720447526045e-11 0.000000000000000000e+00 0.000000000000000000e+00 3.777243727002263518e-02
1.453265236149750081e+03 1.882460114855605298e+02 0.000000000000000000e+00 6.259795625817259861e+02 -2.747016275903834968e-10 4.782331512040567999e-10 1.543147398469803330e-09 3.890931063232711729e-11 2.479493904753203437e-11 5.658191848342550962e-09 1.276451059593261229e-08 1.292644526701600176e-08 2.473449992409709857e-08 7.754520942264907648e-09 -2.845405200829350897e-11 -2.960347014286809779e-12 -2.701814427372778316e-11 1.414361286223059638e-09 0.000000000000000000e+00 -2.537182310176215421e-11 0.000000000000000000e+00 0.000000000000000000e+00 3.752707766368820752e-02
1.542513329946079921e+03 1.962783399272302347e+02 0.000000000000000000e+00 6.238544236194577479e+02 -3.374837589930948635e-10 3.565709422044698746e-10 1.467664882043434416e-09 3.851300371919195063e-11 2.454340028471918072e-11 5.656428718046922518e-09 1.275875404883242015e-08 1.292130491968903927e-08 2.473357603379858212e-08 7.754046416428694746e-09 -2.845405186437912996e-11 -2.960346970899235829e-12 -2.701814383461746541e-11 1.414360551254955654e-09 0.000000000000000000e+00 -2.529092840085778654e-11 0.000000000000000000e+00 0.000000000000000000e+00 3.737722947931634149e-02
1.631761423742409761e+03 2.043106683688999397e+02 0.000000000000000000e+00 6.217365856705954457e+02 -3.584111361273319858e-10 2.631941762141690335e-10 1.395453403726292346e-09 3.811864419994472029e-11 2.429315187744913196e-11 5.654657245439797067e-09 1.275296971888089913e-08 1.291614049019416404e-08 2.473264417136262297e-08 7.753569808755764350e-09 -2.845405181640766922e-11 -2.960346956436711045e-12 -2.701814368824736165e-11 1.414359817820910435e-09 0.000000000000000000e+00 -2.526396350055632957e-11 0.000000000000000000e+00 0.000000000000000000e+00 3.726638906634174853e-02
1.721009517538739601e+03 2.123429968105696446e+02 0.000000000000000000e+00 6.196235127717798150e+02 -3.653869285054110265e-10 1.936633718360343604e-10 1.326475572374013392e-09 3.772668598283716065e-11 2.404445506023468622e-11 5.652878745681189560e-09 1.274716283819347713e-08 1.291095613358381561e-08 2.473170472565834475e-08 7.753091278212460699e-09 -2.845405180041718230e-11 -2.960346951615869719e-12 -2.701814363945732814e-11 1.414359083024258037e-09 0.000000000000000000e+00 -2.525497520045584392e-11 0.000000000000000000e+00 0.000000000000000000e+00 3.717959657700216358e-02
1.892571506285652958e+03 2.277835757977918263e+02 0.000000000000000000e+00 6.155688983462081296e+02 -3.739793690803862665e-10 9.449832689529401148e-11 1.202634287881764878e-09 3.698163496107597409e-11 2.357174591546845402e-11 5.649447187921344194e-09 1.273596097242204637e-08 1.290095473612568021e-08 2.472988316203720381e-08 7.752167631015956990e-09 -2.845405178072088424e-11 -2.960346945677792537e-12 -2.701814357936014602e-11 1.414357665357601454e-09 0.000000000000000000e+00 -2.524390385109542432e-11 0.000000000000000000e+00 0.000000000000000000e+00 3.703811916782848157e-02
2.064133495032566316e+03 2.432241547850140080e+02 0.000000000000000000e+00 6.115238605107228977e+02 -3.768435159387112947e-10 4.225555119779347825e-11 1.089670530443497544e-09 3.624763801673292441e-11 2.310608106522410027e-11 5.645999302631443020e-09 1.272470879541280831e-08 1.289090784179082865e-08 2.472804180281506923e-08 7.751239144681789844e-09 -2.845405177415545155e-11 -2.960346943698433342e-12 -2.701814355932775413e-11 1.414356241020212788e-09 0.000000000000000000e+00 -2.524021340130861779e-11 0.000000000000000000e+00 0.000000000000000000e+00 3.693171816277211750e-02
2.444962083778218130e+03 2.774987277721226633e+02 0.000000000000000000e+00 6.025591660890937646e+02 -3.815477721895295899e-10 -1.757473464151020759e-11 8.728266532154412317e-10 3.466071767349009936e-11 2.209931479618137746e-11 5.638304153044158594e-09 1.269961059050087409e-08 1.286849440473240973e-08 2.472387835953016655e-08 7.749165018666485359e-09 -2.845405176337196642e-11 -2.960346940447408759e-12 -2.701814352642528171e-11 1.414353059701214261e-09 0.000000000000000000e+00 -2.523415197277975010e-11 0.000000000000000000e+00 0.000000000000000000e+00 3.675104691704869642e-02
3.030509817093686252e+03 3.301980237705147943e+02 0.000000000000000000e+00 5.887895218068169925e+02 -3.887710171573410788e-10 -6.725817538249490242e-11 6.168579305618345754e-10 3.233577499648707916e-11 2.062427161496797479e-11 5.626379962618442288e-09 1.266076454338111108e-08 1.283379249758154988e-08 2.471725758115566921e-08 7.745945676897065097e-09 -2.845405174681425010e-11 -2.960346935455557535e-12 -2.701814347590451494e-11 1.414348122548609106e-09 0.000000000000000000e+00 -2.522484483031461175e-11 0.000000000000000000e+00 0.000000000000000000e+00 3.654375404753063689e-02
3.616057550409154373e+03 3.828973197689068684e+02 0.000000000000000000e+00 5.750285848332794103e+02 -3.926081138566586847e-10 -9.481535471381618994e-11 4.326890006204236375e-10 3.015038849145144569e-11 1.923762103831547403e-11 5.614372456169129010e-09 1.262169902113041855e-08 1.279887949950002619e-08 2.471041449874096066e-08 7.742697449708986864e-09 -2.845405173801854138e-11 -2.960346932803810766e-12 -2.701814344906712141e-11 1.414343142580046875e-09 0.000000000000000000e+00 -2.521990073582630265e-11 0.000000000000000000e+00 0.000000000000000000e+00 3.638254421996193338e-02
4.201605283724622495e+03 4.355966157672989993e+02 0.000000000000000000e+00 5.612693777228960244e+02 -3.937365853984405597e-10 -1.033183886990234249e-10 3.055797233861737358e-10 2.809897440461699693e-11 1.793580320424385236e-11 5.602292860932800015e-09 1.258245092449892872e-08 1.276378768899025533e-08 2.470335500581775341e-08 7.739423253682233312e-09 -2.845405173543176665e-11 -2.960346932023945046e-12 -2.701814344117437403e-11 1.414338124246185883e-09 0.000000000000000000e+00 -2.521844670160013198e-11 0.000000000000000000e+00 0.000000000000000000e+00 3.626796630981170277e-02
5.473076409339728343e+03 5.500290170726585757e+02 0.000000000000000000e+00 5.313499723391939824e+02 -3.934361771750651225e-10 -1.034076942367389571e-10 1.456096458464708752e-10 2.407815283587559779e-11 1.538347820237868464e-11 5.575867757870629117e-09 1.249677735723079966e-08 1.268712971980521654e-08 2.468727609085773018e-08 7.732237734304201425e-09 -2.845405173612038805e-11 -2.960346932231551627e-12 -2.701814344327548711e-11 1.414327115109404031e-09 0.000000000000000000e+00 -2.521883377723512688e-11 0.000000000000000000e+00 0.000000000000000000e+00 3.609406841586633441e-02
7.565015610182468663e+03 7.383035451485051226e+02 0.000000000000000000e+00 4.818189861716371070e+02 -3.887564648937031862e-10 -7.708500532228195585e-11 3.825787699938952903e-11 1.860091017935808048e-11 1.190435193642733675e-11 5.531791142467550174e-09 1.235450153926865625e-08 1.255965358889303569e-08 2.465787848375415373e-08 7.720179322527289455e-09 -2.845405174684761197e-11 -2.960346935465614565e-12 -2.701814347600629693e-11 1.414308648361115772e-09 0.000000000000000000e+00 -2.522486358088882970e-11 0.000000000000000000e+00 0.000000000000000000e+00 3.593401658318347291e-02
9.656954811025208983e+03 9.265780732243516695e+02 0.000000000000000000e+00 4.317420943252967618e+02 -3.850366611156568592e-10 -5.533815092077059742e-11 1.082555729969393734e-11 1.429343802750103531e-11 9.165320407042168819e-12 5.486859173349330439e-09 1.221035039140778944e-08 1.243028067807654362e-08 2.462344509311686085e-08 7.707788340085214454e-09 -2.845405175537445145e-11 -2.960346938036302077e-12 -2.701814350202332116e-11 1.414289677351754494e-09 0.000000000000000000e+00 -2.522965654358895946e-11 0.000000000000000000e+00 0.000000000000000000e+00 3.583491105874286181e-02
1.174889401186794930e+04 1.114852601300198330e+03 0.000000000000000000e+00 3.810572560392294008e+02 -3.835203700353295345e-10 -4.628518701334643285e-11 1.288713000844792233e-11 1.092807715826227052e-11 7.022521830160664017e-12 5.441037000352325935e-09 1.206428420822547835e-08 1.229896628417497509e-08 2.458278290358716909e-08 7.695047118324881719e-09 -2.845405175885021915e-11 -2.960346939084182798e-12 -2.701814351262855210e-11 1.414270173269415706e-09 0.000000000000000000e+00 -2.523161028282473391e-11 0.000000000000000000e+00 0.000000000000000000e+00 3.573115478195461325e-02
1.384083321271068962e+04 1.303127129376044877e+03 0.000000000000000000e+00 3.297270411344864556e+02 -3.832317854893114736e-10 -4.447818350889676633e-11 1.918673440487239985e-11 8.307475722878744610e-12 5.351286244280865740e-12 5.394283788987167629e-09 1.191624396834860618e-08 1.216564846235803615e-08 2.453434669791435295e-08 7.681935872997512757e-09 -2.845405175951173746e-11 -2.960346939283618144e-12 -2.701814351464696973e-11 1.414250104199467532e-09 0.000000000000000000e+00 -2.523198212366566003e-11 0.000000000000000000e+00 0.000000000000000000e+00 3.562789307662660859e-02
1.832004009866060733e+04 1.706255749111537398e+03 0.000000000000000000e+00 2.161743899457867712e+02 -3.827907678669278435e-10 -4.171670372708790916e-11 -3.227293834213687953e-11 4.402060735089043111e-12 2.852913777637600654e-12 5.288083885075473242e-09 1.158514864999005340e-08 1.186673902732674285e-08 2.435439897526708697e-08 7.651648752962227405e-09 -2.845405176052267172e-11 -2.960346939588397445e-12 -2.701814351773153269e-11 1.414203663716400385e-09 0.000000000000000000e+00 -2.523255037434239401e-11 0.000000000000000000e+00 0.000000000000000000e+00 3.550151838976675633e-02
2.279924698461052321e+04 2.109384368847030146e+03 0.000000000000000000e+00 9.685610145060536524e+01 -3.826437619927999841e-10 -4.079621046648495246e-11 -4.942616259113997050e-11 2.294612136658311896e-12 1.493517994495376302e-12 5.173117814012752810e-09 1.123401638815379604e-08 1.154859439128976446e-08 2.400762947912941092e-08 7.618087064544529704e-09 -2.845405176085965088e-11 -2.960346939689990410e-12 -2.701814351875971820e-11 1.414152065866180233e-09 0.000000000000000000e+00 -2.523273979123463974e-11 0.000000000000000000e+00 0.000000000000000000e+00 3.524861088556821564e-02
2.391904870609800128e+04 2.210166523780903390e+03 0.000000000000000000e+00 6.614004908528880833e+01 -3.826406993704222891e-10 -4.077703352355572285e-11 -4.978352142966086661e-11 1.930628668036019198e-12 1.258961785132591660e-12 5.143056134234851388e-09 1.114326552988306878e-08 1.146618558584184049e-08 2.389196823749162998e-08 7.609192465724560983e-09 -2.845405176086667222e-11 -2.960346939692106830e-12 -2.701814351878113765e-11 1.414138371624358781e-09 0.000000000000000000e+00 -2.523274373741989668e-11 0.000000000000000000e+00 0.000000000000000000e+00 3.514284969018136029e-02
2.419899913646987261e+04 2.235362062514371701e+03 0.000000000000000000e+00 5.838031720457304630e+01 -3.826406355657894399e-10 -4.077663400391136471e-11 -4.979096640546338474e-11 1.844613275720168993e-12 1.203624836353960487e-12 5.135415516647161458e-09 1.112028417588873326e-08 1.144530579873441775e-08 2.385953707676353334e-08 7.606922791428051486e-09 -2.845405176086681763e-11 -2.960346939692150854e-12 -2.701814351878158355e-11 1.414134874261309576e-09 0.000000000000000000e+00 -2.523274381963208852e-11 0.000000000000000000e+00 0.000000000000000000e+00 3.515442860082183818e-02
2.447894956684174394e+04 2.260557601247840012e+03 0.000000000000000000e+00 5.049772353920546664e+01 -3.826406142975784729e-10 -4.077650083069657866e-11 -4.979344806406422412e-11 1.761343734341946582e-12 1.150014826901828807e-12 5.127585089803101978e-09 1.109683094615672027e-08 1.142399926050783498e-08 2.382040939360917846e-08 7.604590261748064265e-09 -2.845405176086686609e-11 -2.960346939692165798e-12 -2.701814351878173219e-11 1.414131275327059924e-09 0.000000000000000000e+00 -2.523274384703615247e-11 0.000000000000000000e+00 0.000000000000000000e+00 3.525667311611387772e-02
2.475889999721361528e+04 2.285753139981308323e+03 0.000000000000000000e+00 4.253149046858611371e+01 -3.826406072081748172e-10 -4.077645643962498546e-11 -4.979427528359783509e-11 1.680926515495661643e-12 1.098211083689211880e-12 5.119615598117245513e-09 1.107303352730618829e-08 1.140237876634023593e-08 2.377613778242934198e-08 7.602210483935929277e-09 -2.845405176086688225e-11 -2.960346939692171049e-12 -2.701814351878178065e-11 1.414127599428986693e-09 0.000000000000000000e+00 -2.523274385617084045e-11 0.000000000000000000e+00 0.000000000000000000e+00 3.526205178015643510e-02
2.487465793993880288e+04 2.296171354826575225e+03 0.000000000000000000e+00 3.920812904891295148e+01 -3.826406068041316745e-10 -4.077645390966475750e-11 -4.979432242894597464e-11 1.648415106064377480e-12 1.077259574187608627e-12 5.116271439680589953e-09 1.106307235316556753e-08 1.139332882691663789e-08 2.375586584551796042e-08 7.601210024578587113e-09 -2.845405176086688225e-11 -2.960346939692171453e-12 -2.701814351878178065e-11 1.414126052669831863e-09 0.000000000000000000e+00 -2.523274385669145048e-11 0.000000000000000000e+00 0.000000000000000000e+00 3.528974466761496814e-02
2.490359742562010069e+04 2.298775908537892064e+03 0.000000000000000000e+00 3.837426295520383235e+01 -3.826406067957140778e-10 -4.077645385695725477e-11 -4.979432341114072513e-11 1.640347282308381248e-12 1.072059752778578271e-12 5.115430213946515398e-09 1.106056912242902435e-08 1.139105461479553156e-08 2.375058014232883592e-08 7.600958171951193435e-09 -2.845405176086688225e-11 -2.960346939692171453e-12 -2.701814351878178065e-11 1.414125663133839365e-09 0.000000000000000000e+00 -2.523274385670229753e-11 0.000000000000000000e+00 0.000000000000000000e+00 3.529519477212830075e-02
2.493253691130139850e+04 2.301380462249208904e+03 0.000000000000000000e+00 3.753812492765084130e+01 -3.826406067929081777e-10 -4.077645383938808719e-11 -4.979432373853897960e-11 1.632285921966382731e-12 1.066864057413497062e-12 5.114584560088237401e-09 1.105805449278970945e-08 1.138877014009490322e-08 2.374511419531347776e-08 7.600704865539453783e-09 -2.845405176086688225e-11 -2.960346939692171453e-12 -2.701814351878178065e-11 1.414125271172863090e-09 0.000000000000000000e+00 -2.523274385670591322e-11 0.000000000000000000e+00 0.000000000000000000e+00 3.531565007954690083e-02
2.493498249955591382e+04 2.301600565192115027e+03 0.000000000000000000e+00 3.726362226065036509e+01 -3.826406067929015086e-10 -4.077645383934626287e-11 -4.979432373931834529e-11 1.626445295487938689e-12 1.061685296877168223e-12 5.107252353162566297e-09 1.104195361592426802e-08 1.137242209811399155e-08 2.372019619832427070e-08 7.594592773126359800e-09 -2.845405176086688225e-11 -2.960346939692171453e-12 -2.701814351878178065e-11 1.413943795659891636e-09 0.000000000000000000e+00 -2.523274385670592291e-11 0.000000000000000000e+00 0.000000000000000000e+00 3.527785427914735539e-02
2.493742808781042913e+04 2.301820668135021151e+03 0.000000000000000000e+00 3.691777809057710158e+01 -3.826406067928992855e-10 -4.077645383933232359e-11 -4.979432373957813170e-11 1.618845561676054577e-12 1.054895079178160019e-12 5.097324221662388716e-09 1.102019413005098138e-08 1.135032138622152575e-08 2.368642423121532540e-08 7.586257544655433309e-09 -2.845405176086688225e-11 -2.960346939692171453e-12 -2.701814351878178065e-11 1.413692186321324475e-09 0.000000000000000000e+00 -2.523274385670592614e-11 0.000000000000000000e+00 0.000000000000000000e+00 3.522625890519566483e-02
2.493987367606494445e+04 2.302040771077927275e+03 0.000000000000000000e+00 3.654510704516843589e+01 -3.826406067928985617e-10 -4.077645383932767716e-11 -4.979432373966472717e-11 1.610637653400692926e-12 1.047555074233464505e-12 5.086385785203903320e-09 1.099625136863686017e-08 1.132600195497739367e-08 2.364904654136558733e-08 7.577016724766255045e-09 -2.845405176086688225e-11 -2.960346939692171453e-12 -2.701814351878178065e-11 1.413408645247531777e-09 0.000000000000000000e+00 -2.523274385670592614e-11 0.000000000000000000e+00 0.000000000000000000e+00 3.516916603325416502e-02
2.494231926431945976e+04 2.302260874020833398e+03 0.000000000000000000e+00 3.616134669902040599e+01 -3.826406067928983032e-10 -4.077645383932612619e-11 -4.979432373969359448e-11 1.602217247441549793e-12 1.040029069664264222e-12 5.075012173421387120e-09 1.097137976803442222e-08 1.130073893928477687e-08 2.361003943632288736e-08 7.567359581887530210e-09 -2.845405176086688225e-11 -2.960346939692171453e-12 -2.701814351878178065e-11 1.413108320838860667e-09 0.000000000000000000e+00 -2.523274385670592614e-11 0.000000000000000000e+00 0.000000000000000000e+00 3.510811637958030640e-02
2.494720054749996416e+04 2.302700189507078903e+03 0.000000000000000000e+00 3.538393763268331327e+01 -3.826406067928979931e-10 -4.077645383932407117e-11 -4.979432373973192267e-11 1.585332172121045451e-12 1.024968198562985322e-12 5.051821284171299723e-09 1.092072418950249114e-08 1.124928511591324461e-08 2.353045977906748712e-08 7.547529708512632936e-09 -2.845405176086688225e-11 -2.960346939692171453e-12 -2.701814351878178065e-11 1.412480016077545469e-09 0.000000000000000000e+00 -2.523274385670592937e-11 0.000000000000000000e+00 0.000000000000000000e+00 3.497655662505015639e-02
2.495577138751060556e+04 2.303471565108036884e+03 0.000000000000000000e+00 3.398979572771541768e+01 -3.826406067928976829e-10 -4.077645383932195798e-11 -4.979432373977131715e-11 1.555653895300274365e-12 9.986100153261959801e-13 5.009967665328715846e-09 1.082946899786102625e-08 1.115659194516998325e-08 2.338567016065333025e-08 7.511339384358604449e-09 -2.845405176086688225e-11 -2.960346939692171453e-12 -2.701814351878178065e-11 1.411299733916201528e-09 0.000000000000000000e+00 -2.523274385670593261e-11 0.000000000000000000e+00 0.000000000000000000e+00 3.474550748840812830e-02
2.497001657371460169e+04 2.304753631866396518e+03 0.000000000000000000e+00 3.160602994434223234e+01 -3.826406067928973727e-10 -4.077645383932001281e-11 -4.979432373980759031e-11 1.506765456505652379e-12 9.555374123323669884e-13 4.938319353285348149e-09 1.067364602774754846e-08 1.099831411684249856e-08 2.313353718264918382e-08 7.448369172647175470e-09 -2.845405176086688225e-11 -2.960346939692171453e-12 -2.701814351878178065e-11 1.409160835159861772e-09 0.000000000000000000e+00 -2.523274385670593261e-11 0.000000000000000000e+00 0.000000000000000000e+00 3.434844183532763384e-02
2.499177925670363766e+04 2.306712273335409918e+03 0.000000000000000000e+00 2.782752343939532125e+01 -3.826406067928971142e-10 -4.077645383931850062e-11 -4.979432373983581139e-11 1.433916169785533618e-12 8.921933979253735712e-13 4.825643205381881996e-09 1.042933030296176454e-08 1.075010777631180043e-08 2.273527131708147839e-08 7.347038792454757400e-09 -2.845405176086688225e-11 -2.960346939692171453e-12 -2.701814351878178065e-11 1.405520493818049020e-09 0.000000000000000000e+00 -2.523274385670593261e-11 0.000000000000000000e+00 0.000000000000000000e+00 3.369409948270813554e-02
2.501354193969267362e+04 2.308670914804423319e+03 0.000000000000000000e+00 2.385916792160494282e+01 -3.826406067928970625e-10 -4.077645383931799656e-11 -4.979432373984521410e-11 1.364080079671256963e-12 8.325909993430658815e-13 4.711880963689152123e-09 1.018378561202054222e-08 1.050084512193104069e-08 2.226115300314256081e-08 7.242520096863068858e-09 -2.845405176086688225e-11 -2.960346939692171453e-12 -2.701814351878178065e-11 1.401593201153567370e-09 0.000000000000000000e+00 -2.523274385670593261e-11 0.000000000000000000e+00 0.000000000000000000e+00 3.315756576042470233e-02
2.504738365672015061e+04 2.311716669336896302e+03 0.000000000000000000e+00 1.730561866109120928e+01 -3.826406067928970108e-10 -4.077645383931758943e-11 -4.979432373985279444e-11 1.263472156851352328e-12 7.486639406749300390e-13 4.538277806126666120e-09 9.810801485060602532e-09 1.012247284524452767e-08 2.140387736399428203e-08 7.079078617652468841e-09 -2.845405176086688225e-11 -2.960346939692171453e-12 -2.701814351878178065e-11 1.395132711972513082e-09 0.000000000000000000e+00 -2.523274385670593261e-11 0.000000000000000000e+00 0.000000000000000000e+00 3.213747531403090413e-02
2.508122537374762760e+04 2.314762423869369286e+03 0.000000000000000000e+00 1.021455709985442439e+01 -3.826406067928969591e-10 -4.077645383931745372e-11 -4.979432373985532122e-11 1.173749812000805401e-12 6.758456515433334386e-13 4.372561998141526025e-09 9.456402706770863505e-09 9.763124951312784038e-09 2.046815250578192533e-08 6.918512330555496620e-09 -2.845405176086688225e-11 -2.960346939692171453e-12 -2.701814351878178065e-11 1.388390009088391382e-09 0.000000000000000000e+00 -2.523274385670593261e-11 0.000000000000000000e+00 0.000000000000000000e+00 3.103488407679294570e-02
2.509903283515293515e+04 2.316365095395847220e+03 0.000000000000000000e+00 6.220975533342683050e+00 -3.826406067928969591e-10 -4.077645383931744080e-11 -4.979432373985555386e-11 1.131561642110876404e-12 6.423691608641827258e-13 4.290548213351564537e-09 9.281621838314339475e-09 9.585978561775521073e-09 1.995072745987596187e-08 6.837345876417728942e-09 -2.845405176086688225e-11 -2.960346939692171453e-12 -2.701814351878178065e-11 1.384833494013101794e-09 0.000000000000000000e+00 -2.523274385670593261e-11 0.000000000000000000e+00 0.000000000000000000e+00 3.047866950895988108e-02
2.511684029655824270e+04 2.317967766922325154e+03 0.000000000000000000e+00 1.970993484712720401e+00 -3.826406067928969591e-10 -4.077645383931743433e-11 -4.979432373985563141e-11 1.093693204714258000e-12 6.127097375321907467e-13 4.214420907850857932e-09 9.119672131053916588e-09 9.421835263471745877e-09 1.945682763605359816e-08 6.760883491676635917e-09 -2.845405176086688225e-11 -2.960346939692171453e-12 -2.701814351878178065e-11 1.381372172569215648e-09 0.000000000000000000e+00 -2.523274385670593261e-11 0.000000000000000000e+00 0.000000000000000000e+00 2.990193916668945281e-02
