0.000000000000000000e+00 5.741460660263970084e+01 0.000000000000000000e+00 7.881530486352338585e+02 8.456537571639336520e-06 1.443993212559548224e-07 3.179311146802760289e-08 3.184113963792699560e-10 2.334192713689034822e-10 3.252678387812365323e-08 7.413423083143051550e-08 7.500991325839079868e-08 1.298254613185532799e-07 4.223550603874598345e-08 4.328473401541185333e-10 2.112178527525796399e-09 4.203195365278965476e-09 7.409812632555572855e-09 0.000000000000000000e+00 9.440280617596951261e-09 0.000000000000000000e+00 0.000000000000000000e+00 5.020256291030322338e+00
7.747561465947851167e-02 5.742157940795905091e+01 0.000000000000000000e+00 7.881348196336808769e+02 8.456032976594694413e-06 1.443923659654910483e-07 3.179238217586948433e-08 3.184085291218809915e-10 2.334164376955236366e-10 3.252670892420917990e-08 7.413404484470381321e-08 7.500972595210229193e-08 1.298254456744580963e-07 4.223546073709715155e-08 4.323598924741415905e-10 2.110827600542892180e-09 4.201647570248910220e-09 7.409811850600835300e-09 0.000000000000000000e+00 9.441365347353230288e-09 0.000000000000000000e+00 0.000000000000000000e+00 5.026426308953358735e+00
7.296797078773418832e+01 6.398172397353577878e+01 0.000000000000000000e+00 7.709584344488876013e+02 7.994530948987699177e-06 1.379059202083407949e-07 3.109075557836250874e-08 3.156026337050715795e-10 2.306456212455198189e-10 3.245123707289094712e-08 7.394714347992574078e-08 7.482146150925546149e-08 1.298094602657723059e-07 4.218941408352792508e-08 -5.710103533956017303e-11 1.096128487940612593e-09 3.011182789923459900e-09 7.408997396337380271e-09 0.000000000000000000e+00 1.035933940879910661e-08 0.000000000000000000e+00 0.000000000000000000e+00 4.765308208318641547e+00
3.296632189132353687e+02 8.708429630483087180e+01 0.000000000000000000e+00 7.102452219101173796e+02 6.478852636851684484e-06 1.156753464373108614e-07 2.849375003091635843e-08 3.047312563037318210e-10 2.199469689647056012e-10 3.213701493138117272e-08 7.317295509325949056e-08 7.404128527469901438e-08 1.297399747479909802e-07 4.199294210767128686e-08 -6.316720362844024408e-10 -9.501191092620415579e-11 -2.823949202041285200e-10 7.405293863089077052e-09 0.000000000000000000e+00 1.270446105726460259e-08 0.000000000000000000e+00 0.000000000000000000e+00 3.908102201365143191e+00
5.863584670387365350e+02 1.101868686361259790e+02 0.000000000000000000e+00 6.492170188387694907e+02 5.112401898454218310e-06 9.444384786253604179e-08 2.572434184199357314e-08 2.923386258162414816e-10 2.078348989886414259e-10 3.174302208336170917e-08 7.220893966691124413e-08 7.306941730593038839e-08 1.296458767769951497e-07 4.173842993243789697e-08 -8.231957032660164439e-10 -4.920587105484762674e-10 -1.380254156913324867e-09 7.400084169862932156e-09 0.000000000000000000e+00 1.390833592875928888e-08 0.000000000000000000e+00 0.000000000000000000e+00 3.135119460971067085e+00
8.430537151642377012e+02 1.332894409674210863e+02 0.000000000000000000e+00 5.878186553077365488e+02 3.909699650684540076e-06 7.458899212437871949e-08 2.277689049296396456e-08 2.780379967844593288e-10 1.940114948670523535e-10 3.123946342282619938e-08 7.098611853793291890e-08 7.183632866097315488e-08 1.295124185913069337e-07 4.140154339283689296e-08 -8.870369255932210771e-10 -6.244076437559003736e-10 -1.746207235816390143e-09 7.392573724536440323e-09 0.000000000000000000e+00 1.403996010817012330e-08 0.000000000000000000e+00 0.000000000000000000e+00 2.452453358019461405e+00
1.099748963289738867e+03 1.563920132987161935e+02 0.000000000000000000e+00 5.259742810002979923e+02 2.877454793276974477e-06 5.658680941892091398e-08 1.967126322721534308e-08 2.614460761730042524e-10 1.782286892338559022e-10 3.059030602421445799e-08 6.942172789545166681e-08 7.025854830189054507e-08 1.293196045140168507e-07 4.095129287781948568e-08 -9.083173330356225871e-10 -6.685239548250417079e-10 -1.868191595450745305e-09 7.381647445543172838e-09 0.000000000000000000e+00 1.337043084359790576e-08 0.000000000000000000e+00 0.000000000000000000e+00 1.862697683557258177e+00
1.356444211415240034e+03 1.794945856300113007e+02 0.000000000000000000e+00 4.636190688669821043e+02 2.014776703923322714e-06 4.073802164660490833e-08 1.645740272420762994e-08 2.422389846325704665e-10 1.603725550295320468e-10 2.975298413965252562e-08 6.742000879784028472e-08 6.823991820685979360e-08 1.290282770061525376e-07 4.034849846918555032e-08 -9.154108021830896881e-10 -6.832293918480888882e-10 -1.908853048662196887e-09 7.365764593290723810e-09 0.000000000000000000e+00 1.203616268848826303e-08 0.000000000000000000e+00 0.000000000000000000e+00 1.367216975396356338e+00
1.952398049326529872e+03 2.331304310420273964e+02 0.000000000000000000e+00 3.153953003727809801e+02 6.401907153251463190e-07 1.589481323021211450e-08 9.269231933820248425e-09 1.855818706379744478e-10 1.114935090655322699e-10 2.665779676928128902e-08 6.014130215304172033e-08 6.090595908264912045e-08 1.272399995654718531e-07 3.792852753427577877e-08 -9.281554257653604606e-10 -7.096502101494475791e-10 -1.981908263919332638e-09 7.291147642179564487e-09 0.000000000000000000e+00 9.461416134644866584e-09 0.000000000000000000e+00 0.000000000000000000e+00 5.650997601073243226e-01
2.101386508804352161e+03 2.465393923950314559e+02 0.000000000000000000e+00 2.774599552105275393e+02 4.332155996253308422e-07 1.129285646553068692e-08 7.506353128280138396e-09 1.688799235788115978e-10 9.780693056953531436e-11 2.563700560867771855e-08 5.775763282383558871e-08 5.850553276948591391e-08 1.264930123316898539e-07 3.710363052840855423e-08 -9.284209387566578265e-10 -7.102006438640591970e-10 -1.983430247570523104e-09 7.264527483350963545e-09 0.000000000000000000e+00 7.951169003951187477e-09 0.000000000000000000e+00 0.000000000000000000e+00 4.400191988924568864e-01
2.250374968282174450e+03 2.599483537480354585e+02 0.000000000000000000e+00 2.403049970788603389e+02 2.765790021280703611e-07 7.393270633929917888e-09 5.882140779729017159e-09 1.516989281728432714e-10 8.426198469270826101e-11 2.452973709289692318e-08 5.518044848928013050e-08 5.591176242203578879e-08 1.254811203149325629e-07 3.619528452514674777e-08 -9.285094430870902818e-10 -7.103841217689298052e-10 -1.983937575454252984e-09 7.235028997913108594e-09 0.000000000000000000e+00 6.219311074272423962e-09 0.000000000000000000e+00 0.000000000000000000e+00 3.430541580523597256e-01
2.399363427759996739e+03 2.733573151010394895e+02 0.000000000000000000e+00 2.048671022700023059e+02 1.649641732290935730e-07 4.481041816216802105e-09 4.471817437594544036e-09 1.347377061700138421e-10 7.148838774198806268e-11 2.339135274564344809e-08 5.253485789462632996e-08 5.325054250603105947e-08 1.241765142002810179e-07 3.525409488603227255e-08 -9.285389445305676980e-10 -7.104452810705534102e-10 -1.984106684748829610e-09 7.205072510932779763e-09 0.000000000000000000e+00 4.561327558905546054e-09 0.000000000000000000e+00 0.000000000000000000e+00 2.715603709962901569e-01
2.548351887237819028e+03 2.867662764540435205e+02 0.000000000000000000e+00 1.717072136773520583e+02 8.972805541890092046e-08 2.546978851199116040e-09 3.327113250658583319e-09 1.190053551621867487e-10 6.023201028990015917e-11 2.232907919580111183e-08 5.006345512590762187e-08 5.076686153472994673e-08 1.225356924008115973e-07 3.438486563852826971e-08 -9.285487783450601701e-10 -7.104656675044279107e-10 -1.984163054513688486e-09 7.179408445070518518e-09 0.000000000000000000e+00 3.346463696441162516e-09 0.000000000000000000e+00 0.000000000000000000e+00 2.221077417066454895e-01
2.585599002107274828e+03 2.901185167922945425e+02 0.000000000000000000e+00 1.638488716976146407e+02 7.629765329210185090e-08 2.204919054297012596e-09 3.085776600484108508e-09 1.153633478622700950e-10 5.772337632739565587e-11 2.208652612768948123e-08 4.949757932832106026e-08 5.019847169578162080e-08 1.220977393751909597e-07 3.418940018418946943e-08 -9.285489832161954428e-10 -7.104660922218003866e-10 -1.984164228883789583e-09 7.174075037001392044e-09 0.000000000000000000e+00 3.063717866663124527e-09 0.000000000000000000e+00 0.000000000000000000e+00 2.127798933546583560e-01
2.622846116976730627e+03 2.934707571305455645e+02 0.000000000000000000e+00 1.563200781734313125e+02 6.454015364435899986e-08 1.910898215766041727e-09 2.869625567061040993e-09 1.120422682006047909e-10 5.547505425457372558e-11 2.187631276455264782e-08 4.900443471152666046e-08 4.970323937335315609e-08 1.216971290027642912e-07 3.402438983533470994e-08 -9.285490515065739015e-10 -7.104662337942579131e-10 -1.984164620340490087e-09 7.169953164583098877e-09 0.000000000000000000e+00 2.774938797305855337e-09 0.000000000000000000e+00 0.000000000000000000e+00 2.045888441666093294e-01
2.652115888805315990e+03 2.961050365951182357e+02 0.000000000000000000e+00 1.528573888867001926e+02 5.477590720076613184e-08 1.783301987837801586e-09 2.797301361479461026e-09 1.110339786842550592e-10 5.481801062993100674e-11 2.182113253702785821e-08 4.887423061726269242e-08 4.957271783971384380e-08 1.215897625870146401e-07 3.398168673189129062e-08 -9.285490655635420581e-10 -7.104662629356915134e-10 -1.984164700918377017e-09 7.168906818443993145e-09 0.000000000000000000e+00 2.270426640572623545e-09 0.000000000000000000e+00 0.000000000000000000e+00 1.982561180964625691e-01
2.681385660633901352e+03 2.987393160596909070e+02 0.000000000000000000e+00 1.502993095305562292e+02 4.547246956943996707e-08 1.689660181305855465e-09 2.756674151794726159e-09 1.105494292417772502e-10 5.452372909352026799e-11 2.180173896782101166e-08 4.882780952599957312e-08 4.952642036916762808e-08 1.215504739587679701e-07 3.396712950450327277e-08 -9.285490702491981448e-10 -7.104662726495027824e-10 -1.984164727777672660e-09 7.168557436631362457e-09 0.000000000000000000e+00 1.728516948910279295e-09 0.000000000000000000e+00 0.000000000000000000e+00 1.924238304955633305e-01
2.710655432462486715e+03 3.013735955242635782e+02 0.000000000000000000e+00 1.481357432764681334e+02 3.705843870775142937e-08 1.607534128878346733e-09 2.726330138978204714e-09 1.102370475820057591e-10 5.434975783314573540e-11 2.179428315362503622e-08 4.880932333801259801e-08 4.950821911550278516e-08 1.215338180498756390e-07 3.396196010130724861e-08 -9.285490718110834725e-10 -7.104662758874398721e-10 -1.984164736730771208e-09 7.168440399434918838e-09 0.000000000000000000e+00 1.260391311521179223e-09 0.000000000000000000e+00 0.000000000000000000e+00 1.872092405773445323e-01
2.739925204291072077e+03 3.040078749888362495e+02 0.000000000000000000e+00 1.461901463877417768e+02 2.970358620525866139e-08 1.529142563461388129e-09 2.698997399102663599e-09 1.099786051304383503e-10 5.421465951455883524e-11 2.179080360416661791e-08 4.880012227901209637e-08 4.949937263846615013e-08 1.215246184342874921e-07 3.395992138588500900e-08 -9.285490723317119841e-10 -7.104662769667521664e-10 -1.984164739715137529e-09 7.168400821627885771e-09 0.000000000000000000e+00 9.030743969379137759e-10 0.000000000000000000e+00 0.000000000000000000e+00 1.826903394584792617e-01
2.769194976119657440e+03 3.066421544534089207e+02 0.000000000000000000e+00 1.443895792616097538e+02 2.341059186421707422e-08 1.452646114924251045e-09 2.672329781006649302e-09 1.097347078487989408e-10 5.409125964884709691e-11 2.178863930899750815e-08 4.879397150827223218e-08 4.949361487968268162e-08 1.215177922133772640e-07 3.395892455540485915e-08 -9.285490725052548902e-10 -7.104662773265228967e-10 -1.984164740709926026e-09 7.168387065804295783e-09 0.000000000000000000e+00 6.253750837169023424e-10 0.000000000000000000e+00 0.000000000000000000e+00 1.788376577051102589e-01
2.823419218428698059e+03 3.115223362612225628e+02 0.000000000000000000e+00 1.413109203596124530e+02 1.435643007318641875e-08 1.314383870634786506e-09 2.621982327339426412e-09 1.092756916083277997e-10 5.386188116682753933e-11 2.178504259330284123e-08 4.878345659303651313e-08 4.948389224781842148e-08 1.215055730396264933e-07 3.395743375789939227e-08 -9.285490727037883701e-10 -7.104662777381017065e-10 -1.984164741847966903e-09 7.168370716769358884e-09 0.000000000000000000e+00 2.934656924845693209e-10 0.000000000000000000e+00 0.000000000000000000e+00 1.732918049188447995e-01
2.877643460737738678e+03 3.164025180690362049e+02 0.000000000000000000e+00 1.385203465838975774e+02 8.367600110667803390e-09 1.182211434861408243e-09 2.570640563597306471e-09 1.088073825171602187e-10 5.363098784464877458e-11 2.178187384986035843e-08 4.877383411367165332e-08 4.947513762988393996e-08 1.214939227961910097e-07 3.395632029377065267e-08 -9.285490727699661279e-10 -7.104662778752946776e-10 -1.984164742227314000e-09 7.168364185890719434e-09 0.000000000000000000e+00 1.647995732226157785e-10 0.000000000000000000e+00 0.000000000000000000e+00 1.695825918219340256e-01
2.959683304998811764e+03 3.237861040525327780e+02 0.000000000000000000e+00 1.346731798993205871e+02 3.732901983481682539e-09 9.975023798436884782e-10 2.491639272058406845e-09 1.080791560704239155e-10 5.327502493800053165e-11 2.177727468172051641e-08 4.875956451470006126e-08 4.946228817618534346e-08 1.214762101530087622e-07 3.395485714620427854e-08 -9.285490727837376511e-10 -7.104662779038444028e-10 -1.984164742306255982e-09 7.168360668149990433e-09 0.000000000000000000e+00 1.250533092497864836e-10 0.000000000000000000e+00 0.000000000000000000e+00 1.667010872418608902e-01
3.041723149259884849e+03 3.311696900360293512e+02 0.000000000000000000e+00 1.310655533053105728e+02 2.127399064091987491e-09 8.356028258789759331e-10 2.412682940110176996e-09 1.073369246878666043e-10 5.291385113729593701e-11 2.177268220668513186e-08 4.874519110171344551e-08 4.944940866842994174e-08 1.214580543949360852e-07 3.395345116745738915e-08 -9.285490727682547946e-10 -7.104662778717470033e-10 -1.984164742217504879e-09 7.168359274784474807e-09 0.000000000000000000e+00 9.884601827103840862e-11 0.000000000000000000e+00 0.000000000000000000e+00 1.656242719710094569e-01
3.123762993520957934e+03 3.385532760195259243e+02 0.000000000000000000e+00 1.275184655662945232e+02 1.394045510593545946e-09 6.979514745291295133e-10 2.335287825270861364e-09 1.065914833410198127e-10 5.255142079946164912e-11 2.176802854166856915e-08 4.873063138858850052e-08 4.943636886918541145e-08 1.214393228015405379e-07 3.395202043275402136e-08 -9.285490727558981638e-10 -7.104662778461304605e-10 -1.984164742146673817e-09 7.168357621675683040e-09 0.000000000000000000e+00 8.939524473416768490e-11 0.000000000000000000e+00 0.000000000000000000e+00 1.651199658769880452e-01
3.205802837782031020e+03 3.459368620030224974e+02 0.000000000000000000e+00 1.239623148952562843e+02 6.147530239499282348e-10 5.831434096057028603e-10 2.260184466188684888e-09 1.058489802705248771e-10 5.219029475482892539e-11 2.176333157491532198e-08 4.871596446662022607e-08 4.942322477212438139e-08 1.214202238060365258e-07 3.395056232059904901e-08 -9.285490727508499839e-10 -7.104662778356649714e-10 -1.984164742117735730e-09 7.168355414976665849e-09 0.000000000000000000e+00 9.597587037028680169e-11 0.000000000000000000e+00 0.000000000000000000e+00 1.645543696481949758e-01
3.287842682043104105e+03 3.533204479865190706e+02 0.000000000000000000e+00 1.204248759148028967e+02 1.253802880274450215e-10 4.872101693870895115e-10 2.187174178369933499e-09 1.051083145230676300e-10 5.183010296282022022e-11 2.175859924319267608e-08 4.870119875151499135e-08 4.940999049115323950e-08 1.214008936540652350e-07 3.394908546256332840e-08 -9.285490727498841471e-10 -7.104662778336626774e-10 -1.984164742112198997e-09 7.168352892891139566e-09 0.000000000000000000e+00 1.102546303917546941e-10 0.000000000000000000e+00 0.000000000000000000e+00 1.641511269835719822e-01
3.369882526304177190e+03 3.607040339700156437e+02 0.000000000000000000e+00 1.168994699680066987e+02 -1.761051448426685498e-10 4.070210580255425461e-10 2.116301591365714144e-09 1.043705816788157950e-10 5.147137426646344788e-11 2.175384860588324153e-08 4.868638015089359784e-08 4.939670868848476608e-08 1.213813906996150208e-07 3.394760029142822240e-08 -9.285490727501873088e-10 -7.104662778342912312e-10 -1.984164742113937317e-09 7.168350268531639153e-09 0.000000000000000000e+00 7.009159457882409559e-11 0.000000000000000000e+00 0.000000000000000000e+00 1.638584000059181423e-01
3.501259559366745179e+03 3.725279669456467673e+02 0.000000000000000000e+00 1.112728204724822945e+02 -3.562753749527206911e-10 3.024258362725704453e-10 2.006998130708495436e-09 1.031948684534904360e-10 5.089976632737102923e-11 2.174620727906793640e-08 4.866254813605014602e-08 4.937535124952618504e-08 1.213495926178054900e-07 3.394521115649708767e-08 -9.285490727504465266e-10 -7.104662778348284850e-10 -1.984164742115423347e-09 7.168346062822312322e-09 0.000000000000000000e+00 6.404033809880214296e-11 0.000000000000000000e+00 0.000000000000000000e+00 1.636365964659022010e-01
3.632636592429313168e+03 3.843518999212778908e+02 0.000000000000000000e+00 1.056494914669276994e+02 -4.163321183227380544e-10 2.231787452384506487e-10 1.902990383516003467e-09 1.020288817285959499e-10 5.033288915213144847e-11 2.173854244225473490e-08 4.863864971998703823e-08 4.935393386013658160e-08 1.213172891684801106e-07 3.394281405207412500e-08 -9.285490727505328635e-10 -7.104662778350075696e-10 -1.984164742115918828e-09 7.168341855702121423e-09 0.000000000000000000e+00 5.784109869801582155e-11 0.000000000000000000e+00 0.000000000000000000e+00 1.634801823122196129e-01
3.764013625491881157e+03 3.961758328969090144e+02 0.000000000000000000e+00 1.000253612509233392e+02 -4.363510327794104916e-10 1.637744797205754632e-10 1.804105442342665494e-09 1.008732977285138174e-10 4.977104187580422091e-11 2.173085862338169841e-08 4.861469919163022157e-08 4.933246842733507509e-08 1.212845521066423281e-07 3.394041019387543554e-08 -9.285490727505616081e-10 -7.104662778350673334e-10 -1.984164742116084264e-09 7.168337641475187611e-09 0.000000000000000000e+00 8.335404658210642080e-11 0.000000000000000000e+00 0.000000000000000000e+00 1.633735298510214096e-01
4.069519461825266717e+03 4.236713581669137056e+02 0.000000000000000000e+00 8.690747669317896396e+01 -4.724354247833982730e-10 7.118229898934185127e-11 1.592169040853232415e-09 9.822433761951644213e-11 4.848292103179095790e-11 2.171289613866510081e-08 4.855875546365861858e-08 4.928232282101879288e-08 1.212057548592502473e-07 3.393478641613809245e-08 -9.285490727506135136e-10 -7.104662778351749703e-10 -1.984164742116382049e-09 7.168327785693403748e-09 0.000000000000000000e+00 1.791805234607346059e-11 0.000000000000000000e+00 0.000000000000000000e+00 1.631596225446074189e-01
4.375025298158652731e+03 4.511668834369183969e+02 0.000000000000000000e+00 7.375817589507735761e+01 -4.844635554513942346e-10 1.523821070261711702e-11 1.403669800559305524e-09 9.563014365943206342e-11 4.722122300567991435e-11 2.169481825041587582e-08 4.850249818333936796e-08 4.923188663965847366e-08 1.211241799840387603e-07 3.392912064864336277e-08 -9.285490727506307810e-10 -7.104662778352108493e-10 -1.984164742116481311e-09 7.168317860612201640e-09 0.000000000000000000e+00 -3.893945732604214360e-12 0.000000000000000000e+00 0.000000000000000000e+00 1.629573503680653013e-01
4.577077817547517043e+03 4.693516101819161008e+02 0.000000000000000000e+00 6.500656518753750390e+01 -4.862173002664757895e-10 4.272904521616083970e-12 1.290708494919942357e-09 9.393801477158305526e-11 4.639811742374031776e-11 2.168273611054493808e-08 4.846495312989373904e-08 4.919822378248864277e-08 1.210665467468900176e-07 3.392532961800017165e-08 -9.285490727506333660e-10 -7.104662778352160192e-10 -1.984164742116495786e-09 7.168311219689874777e-09 0.000000000000000000e+00 1.738227334334626433e-10 0.000000000000000000e+00 0.000000000000000000e+00 1.631383827367338113e-01
4.779130336936381354e+03 4.875363369269138616e+02 0.000000000000000000e+00 5.610740693822017278e+01 -4.868018818715029744e-10 4.255273961123854358e-13 1.185381856758137844e-09 9.224835467432220858e-11 4.557609762491861751e-11 2.167038257960584978e-08 4.842668474241028243e-08 4.916391530283689583e-08 1.209994886990540220e-07 3.392144617595250609e-08 -9.285490727506342966e-10 -7.104662778352176735e-10 -1.984164742116500750e-09 7.168304410143799713e-09 0.000000000000000000e+00 -2.061434839216790692e-10 0.000000000000000000e+00 0.000000000000000000e+00 1.633399386057546032e-01
4.981182856325245666e+03 5.057210636719116224e+02 0.000000000000000000e+00 4.706109361118978285e+01 -4.869967424065120361e-10 -8.569316457221807424e-13 1.087044188111266716e-09 9.055888351978276141e-11 4.475406758197297785e-11 2.165772497129684545e-08 4.838760396838989085e-08 4.912888621911837686e-08 1.209204948651174370e-07 3.391745976909857998e-08 -9.285490727506346068e-10 -7.104662778352181905e-10 -1.984164742116502404e-09 7.168297413541260696e-09 0.000000000000000000e+00 -3.327988897067263670e-10 0.000000000000000000e+00 0.000000000000000000e+00 1.636198695470898468e-01
5.031695986172461744e+03 5.102672453581611194e+02 0.000000000000000000e+00 4.477817541446871985e+01 -4.870008020009913851e-10 -8.836495424270674031e-13 1.063548927665885222e-09 9.013686258658474926e-11 4.454871426904948154e-11 2.165451587403712715e-08 4.837771426478636354e-08 4.912002277925741359e-08 1.208989646854479970e-07 3.391644798015267599e-08 -9.285490727506346068e-10 -7.104662778352181905e-10 -1.984164742116502404e-09 7.168295636722604705e-09 0.000000000000000000e+00 -3.354375439939148567e-10 0.000000000000000000e+00 0.000000000000000000e+00 1.636654387386964893e-01
5.082209116019677822e+03 5.148134270444105596e+02 0.000000000000000000e+00 4.248720018471921378e+01 -4.870021551991511336e-10 -8.925555079953630240e-13 1.040472210563592839e-09 8.971506620767331829e-11 4.434346625221828003e-11 2.165128923037241044e-08 4.836777752640056140e-08 4.911111744195419357e-08 1.208766858569934987e-07 3.391543018437972424e-08 -9.285490727506346068e-10 -7.104662778352181905e-10 -1.984164742116502404e-09 7.168293848841321229e-09 0.000000000000000000e+00 -3.363170954229776866e-10 0.000000000000000000e+00 0.000000000000000000e+00 1.637325921733577272e-01
5.121569105989080526e+03 5.183558261416568484e+02 0.000000000000000000e+00 4.069432314637055725e+01 -4.870024290673115105e-10 -8.943579494108844980e-13 1.022758108003182020e-09 8.938618261259697945e-11 4.418342722313650394e-11 2.164875871170360478e-08 4.835999128637029008e-08 4.910413975369828966e-08 1.208585788623806432e-07 3.391463156235462450e-08 -9.285490727506346068e-10 -7.104662778352181905e-10 -1.984164742116502404e-09 7.168292445483136240e-09 0.000000000000000000e+00 -3.364951041869535126e-10 0.000000000000000000e+00 0.000000000000000000e+00 1.638363142373812920e-01
5.160929095958483231e+03 5.218982252389031373e+02 0.000000000000000000e+00 3.889398933866750951e+01 -4.870025203566983028e-10 -8.949587632160583564e-13 1.005272703449637647e-09 8.905705267059364725e-11 4.402326448884711829e-11 2.164621309305494278e-08 4.835216510486386152e-08 4.909712665095961654e-08 1.208397234508627369e-07 3.391382780750528416e-08 -9.285490727506346068e-10 -7.104662778352181905e-10 -1.984164742116502404e-09 7.168291032710913753e-09 0.000000000000000000e+00 -3.365544404416121040e-10 0.000000000000000000e+00 0.000000000000000000e+00 1.639323301201336402e-01
5.168645582891826962e+03 5.225927090629040777e+02 0.000000000000000000e+00 3.854019364457670349e+01 -4.870025215262738897e-10 -8.949664606849146636e-13 1.001871567289925260e-09 8.899250033047129821e-11 4.399185137727538786e-11 2.164571227896215667e-08 4.835062614897432226e-08 4.909574762185676271e-08 1.208359413616374696e-07 3.391366963712137347e-08 -9.285490727506346068e-10 -7.104662778352181905e-10 -1.984164742116502404e-09 7.168290754643218824e-09 0.000000000000000000e+00 -3.365552006421407171e-10 0.000000000000000000e+00 0.000000000000000000e+00 1.639463286333898706e-01
5.176362069825170693e+03 5.232871928869050180e+02 0.000000000000000000e+00 3.818597346592677155e+01 -4.870025219161323842e-10 -8.949690265078667661e-13 9.984767524873063015e-10 8.892789051129573664e-11 4.396041074166387626e-11 2.164521037984932491e-08 4.834908421838829324e-08 4.909436595405067312e-08 1.208321132298929666e-07 3.391351109700050724e-08 -9.285490727506346068e-10 -7.104662778352181905e-10 -1.984164742116502404e-09 7.168290475871894288e-09 0.000000000000000000e+00 -3.365554540423169042e-10 0.000000000000000000e+00 0.000000000000000000e+00 1.639832241195494367e-01
5.179612971366691454e+03 5.235797740256418820e+02 0.000000000000000000e+00 3.803658221992757404e+01 -4.870025219391973850e-10 -8.949691783085804811e-13 9.970480047012212151e-10 8.890064492457922472e-11 4.394715260964082082e-11 2.164499851597355323e-08 4.834843346702941600e-08 4.909378285054907307e-08 1.208304828473778010e-07 3.391344416312599558e-08 -9.285490727506346068e-10 -7.104662778352181905e-10 -1.984164742116502404e-09 7.168290358156252276e-09 0.000000000000000000e+00 -3.365554690341259184e-10 0.000000000000000000e+00 0.000000000000000000e+00 1.640058701062168389e-01
5.182863872908212215e+03 5.238723551643787459e+02 0.000000000000000000e+00 3.749630964955827039e+01 -4.870025219468857186e-10 -8.949692289088183862e-13 9.908963567310209710e-10 8.866648147126559750e-11 4.379012477455183284e-11 2.162201933232434347e-08 4.829634881582427928e-08 4.904164081825184079e-08 1.207372687442324996e-07 3.389315161086624141e-08 -9.285490727506346068e-10 -7.104662778352181905e-10 -1.984164742116502404e-09 7.167595712697165551e-09 0.000000000000000000e+00 -3.365554740313955725e-10 0.000000000000000000e+00 0.000000000000000000e+00 1.639349506375528120e-01
5.186114774449732977e+03 5.241649363031156099e+02 0.000000000000000000e+00 3.681815675494318896e+01 -4.870025219494485309e-10 -8.949692457755644218e-13 9.831840268825195080e-10 8.836124929019610003e-11 4.358374238125802765e-11 2.159074077467962889e-08 4.822561513753901716e-08 4.897081071330461760e-08 1.206097272145412513e-07 3.386528889203438994e-08 -9.285490727506346068e-10 -7.104662778352181905e-10 -1.984164742116502404e-09 7.166620872735617145e-09 0.000000000000000000e+00 -3.365554756971521412e-10 0.000000000000000000e+00 0.000000000000000000e+00 1.637832521748841252e-01
5.189365675991253738e+03 5.244575174418524739e+02 0.000000000000000000e+00 3.608784357958364808e+01 -4.870025219503028017e-10 -8.949692513978131004e-13 9.749803624915114618e-10 8.803113390148277675e-11 4.336015638804491940e-11 2.155616279864206081e-08 4.814754339817219433e-08 4.889263185337913445e-08 1.204677447751489287e-07 3.383426260076983193e-08 -9.285490727506346068e-10 -7.104662778352181905e-10 -1.984164742116502404e-09 7.165513293651568937e-09 0.000000000000000000e+00 -3.365554762524043135e-10 0.000000000000000000e+00 0.000000000000000000e+00 1.636024059962083443e-01
5.192616577532774500e+03 5.247500985805893379e+02 0.000000000000000000e+00 3.533468659546889512e+01 -4.870025219505875586e-10 -8.949692532718959932e-13 9.666505022647695636e-10 8.769198687472582239e-11 4.313042029801788550e-11 2.152002644998393562e-08 4.806605911393495497e-08 4.881103599744776170e-08 1.203191154664319014e-07 3.380161559024547304e-08 -9.285490727506346068e-10 -7.104662778352181905e-10 -1.984164742116502404e-09 7.164325165409109139e-09 0.000000000000000000e+00 -3.365554764374884054e-10 0.000000000000000000e+00 0.000000000000000000e+00 1.633784651743121208e-01
5.197901202801303043e+03 5.252257148547569159e+02 0.000000000000000000e+00 3.408887695974883059e+01 -4.870025219508384012e-10 -8.949692549226726344e-13 9.531705514792318871e-10 8.713637026818257285e-11 4.275434903743461853e-11 2.145974415547322773e-08 4.793032894764832339e-08 4.867512663123602217e-08 1.200695177988783143e-07 3.374672262662575140e-08 -9.285490727506346068e-10 -7.104662778352181905e-10 -1.984164742116502404e-09 7.162282559310635570e-09 0.000000000000000000e+00 -3.365554766005187765e-10 0.000000000000000000e+00 0.000000000000000000e+00 1.630352619060679853e-01
5.206536986387505749e+03 5.260029353775150867e+02 0.000000000000000000e+00 3.200902858665733675e+01 -4.870025219510616365e-10 -8.949692563920798288e-13 9.314873935493284159e-10 8.622639484207409801e-11 4.213954459018919670e-11 2.135850468814591170e-08 4.770285752592105409e-08 4.844737707496851849e-08 1.196442223701511683e-07 3.365350793456241023e-08 -9.285490727506346068e-10 -7.104662778352181905e-10 -1.984164742116502404e-09 7.158705527880412263e-09 0.000000000000000000e+00 -3.365554767456371718e-10 0.000000000000000000e+00 0.000000000000000000e+00 1.624655121855023976e-01
5.220472866951454307e+03 5.272571646282705160e+02 0.000000000000000000e+00 2.855526849092544595e+01 -4.870025219512554036e-10 -8.949692576675966753e-13 8.976183419500533715e-10 8.476667445622256276e-11 4.115653999021120546e-11 2.119021839287403089e-08 4.732574208731586218e-08 4.806980881520648959e-08 1.189340602358054533e-07 3.349608610542338681e-08 -9.285490727506346068e-10 -7.104662778352181905e-10 -1.984164742116502404e-09 7.152393863711568280e-09 0.000000000000000000e+00 -3.365554768716070080e-10 0.000000000000000000e+00 0.000000000000000000e+00 1.614049751588293724e-01
5.234408747515402865e+03 5.285113938790259454e+02 0.000000000000000000e+00 2.497971419837110929e+01 -4.870025219513200271e-10 -8.949692580927689238e-13 8.652641480863604053e-10 8.332808318197016707e-11 4.019247556032141899e-11 2.101797032248928273e-08 4.694096824776372770e-08 4.768466383116855115e-08 1.181776585898537247e-07 3.333225164091632134e-08 -9.285490727506346068e-10 -7.104662778352181905e-10 -1.984164742116502404e-09 7.145529677887095396e-09 0.000000000000000000e+00 -3.365554769135969707e-10 0.000000000000000000e+00 0.000000000000000000e+00 1.604788774787066774e-01
5.269978978379433102e+03 5.317127146567886484e+02 0.000000000000000000e+00 1.517817602532020160e+01 -4.870025219514603376e-10 -8.949692590160805049e-13 7.915532717847031860e-10 7.990498317922405120e-11 3.792430184008420162e-11 2.059068627903170913e-08 4.599243135288103387e-08 4.673673569414462039e-08 1.156948202908707967e-07 3.291809510195392590e-08 -9.285490727506346068e-10 -7.104662778352181905e-10 -1.984164742116502404e-09 7.127377996629428877e-09 0.000000000000000000e+00 -3.365554770047830349e-10 0.000000000000000000e+00 0.000000000000000000e+00 1.587077675715538316e-01
5.288054457626829389e+03 5.333395077890543234e+02 0.000000000000000000e+00 9.865118611332086118e+00 -4.870025219514724351e-10 -8.949692590955559818e-13 7.592272824900605104e-10 7.832177216577195394e-11 3.688781852584576127e-11 2.038262962197716879e-08 4.553322383524141129e-08 4.627834413879745547e-08 1.142572002035810597e-07 3.271186769026624930e-08 -9.285490727506346068e-10 -7.104662778352181905e-10 -1.984164742116502404e-09 7.117846609310885942e-09 0.000000000000000000e+00 -3.365554770126320484e-10 0.000000000000000000e+00 0.000000000000000000e+00 1.573939780521230181e-01
5.306129936874225677e+03 5.349663009213199985e+02 0.000000000000000000e+00 4.514800415100708619e+00 -4.870025219514764676e-10 -8.949692591220478747e-13 7.314350395808357785e-10 7.691982018528506175e-11 3.597639268722743619e-11 2.019311752365672392e-08 4.511622378652717368e-08 4.586231744219852226e-08 1.128237991043609479e-07 3.252157484977943323e-08 -9.285490727506346068e-10 -7.104662778352181905e-10 -1.984164742116502404e-09 7.108769350558388530e-09 0.000000000000000000e+00 -3.365554770152484206e-10 0.000000000000000000e+00 0.000000000000000000e+00 1.561066917427408884e-01
