0.000000000000000000e+00 5.798213520327236381e+01 0.000000000000000000e+00 7.880924936588737637e+02 1.592794391387978596e-05 2.667338233409968873e-07 5.672103713209437523e-08 5.579244617794596655e-10 4.105719244266391931e-10 5.656825778471233925e-08 1.289620139282114545e-07 1.304832356075896470e-07 2.252288133516165001e-07 7.334789585242104860e-08 2.485874828123988314e-09 7.338154989601819278e-09 1.073632843560833679e-08 1.285465109776007390e-08 0.000000000000000000e+00 1.337057783404729714e-08 0.000000000000000000e+00 0.000000000000000000e+00 9.423480297656652738e+00
7.804927765351235558e-02 5.798915963826117803e+01 0.000000000000000000e+00 7.880745043863856836e+02 1.592725156238846562e-05 2.667244421511851260e-07 5.672007967087406563e-08 5.579206917920831217e-10 4.105682193200128077e-10 5.656816283587819110e-08 1.289617783217553141e-07 1.304829983296285464e-07 2.252287935919915666e-07 7.334783848530957594e-08 2.483836564347611623e-09 7.334734263581354062e-09 1.073344420011912580e-08 1.285465010530348927e-08 0.000000000000000000e+00 1.337227891923155563e-08 0.000000000000000000e+00 0.000000000000000000e+00 9.435226419558638611e+00
9.629994419415325524e+01 6.664913018074615536e+01 0.000000000000000000e+00 7.658665976924753522e+02 1.509666612579895246e-05 2.552212070045934226e-07 5.550755858260888303e-08 5.530638793799062945e-10 4.057935875890462078e-10 5.644127746781408778e-08 1.286477260784783572e-07 1.301666361414736729e-07 2.252019309527488974e-07 7.327024025040206764e-08 -2.276228389508449752e-10 3.962366280430435644e-09 7.773953284583458390e-09 1.285326356073585953e-08 0.000000000000000000e+00 1.526221817684720607e-08 0.000000000000000000e+00 0.000000000000000000e+00 8.964084062777173401e+00
3.454462838987563487e+02 8.907230075416043746e+01 0.000000000000000000e+00 7.082340812832377424e+02 1.304954783617687112e-05 2.258289482316527909e-07 5.222303105722313432e-08 5.394627412225708992e-10 3.924287561001295295e-10 5.606142104764533865e-08 1.277120900557132823e-07 1.292237512752674334e-07 2.251181270346875894e-07 7.303256540475845243e-08 -2.567873936602692213e-09 -3.772874693530837016e-10 1.062459776435943357e-09 1.284874826889830240e-08 0.000000000000000000e+00 1.927307148502766486e-08 0.000000000000000000e+00 0.000000000000000000e+00 7.807138667317014225e+00
5.945926236033594705e+02 1.114954713275747196e+02 0.000000000000000000e+00 6.504319734025361868e+02 1.114330415192768999e-05 1.971304458921810923e-07 4.874351764917236165e-08 5.243474093400183304e-10 3.776070334341403049e-10 5.560050627152463415e-08 1.265842119339805764e-07 1.280867071721736575e-07 2.250091730269928677e-07 7.273528161067856380e-08 -3.347957635819974212e-09 -1.823838719280923483e-09 -1.174704726279894435e-09 1.284262966089739633e-08 0.000000000000000000e+00 2.218363520956945879e-08 0.000000000000000000e+00 0.000000000000000000e+00 6.732869719857767166e+00
8.437389633079625355e+02 1.339186419009890017e+02 0.000000000000000000e+00 5.924497304472004089e+02 9.393110445574784270e-06 1.694655840280839497e-07 4.505823275468703973e-08 5.074013001063906533e-10 3.610625985726826825e-10 5.503342393380770046e-08 1.252064250989867810e-07 1.266974214353966183e-07 2.248619858777587934e-07 7.235751154958429620e-08 -3.607985535559068350e-09 -2.306022469256869939e-09 -3.350960181224288262e-09 1.283417877019028518e-08 0.000000000000000000e+00 2.402026821482406140e-08 0.000000000000000000e+00 0.000000000000000000e+00 5.745265535861824091e+00
1.285689447710146851e+03 1.736941854971856003e+02 0.000000000000000000e+00 4.891339219783121166e+02 6.692317698250951194e-06 1.241141924313075659e-07 3.809738741037350135e-08 4.720393120639141484e-10 3.269948655927514074e-10 5.366232469054597109e-08 1.219139830265876828e-07 1.233772454007893047e-07 2.244351648974710034e-07 7.139297580179275682e-08 -3.880718039402981329e-09 -2.811765051401856252e-09 -4.651685456925672134e-09 1.280937952083147265e-08 0.000000000000000000e+00 2.526128709401497857e-08 0.000000000000000000e+00 0.000000000000000000e+00 4.212622734822179638e+00
1.727639932112331280e+03 2.134697290933821989e+02 0.000000000000000000e+00 3.852512341380904104e+02 4.512980680438482739e-06 8.546067428986536377e-08 3.082068669039715395e-08 4.292891142254781813e-10 2.868532521751241007e-10 5.169307907705706256e-08 1.172514694443512238e-07 1.186779009766029885e-07 2.236182909992884471e-07 6.991831656468778817e-08 -3.971628874017619126e-09 -2.980345912116851689e-09 -5.085260548826133149e-09 1.276535571257209617e-08 0.000000000000000000e+00 2.507992985610305293e-08 0.000000000000000000e+00 0.000000000000000000e+00 2.968854471101158410e+00
2.169590416514515709e+03 2.532452726895787976e+02 0.000000000000000000e+00 2.808681348762356151e+02 2.847081337138891149e-06 5.429762650507370348e-08 2.365478757261771529e-08 3.795755764960500043e-10 2.419761497004526080e-10 4.897609048236378011e-08 1.109119374320290925e-07 1.122959045326512535e-07 2.219392024446758905e-07 6.774784447565505280e-08 -4.001932485555831726e-09 -3.036539532355183501e-09 -5.229785579459619603e-09 1.269045976723892700e-08 0.000000000000000000e+00 2.394050907739838143e-08 0.000000000000000000e+00 0.000000000000000000e+00 2.007587353684338716e+00
2.611540900916700139e+03 2.930208162857753678e+02 0.000000000000000000e+00 1.762887374344733757e+02 1.673417082271219382e-06 3.131267225201740033e-08 1.705936934347391409e-08 3.254076918789092397e-10 1.953823949459322387e-10 4.551887020833550613e-08 1.029707782924175495e-07 1.043216504415445776e-07 2.177806277055647138e-07 6.480831206541541540e-08 -4.012033689401902868e-09 -3.055270739101294243e-09 -5.277960589670781478e-09 1.257516922305632726e-08 0.000000000000000000e+00 2.375839065194587920e-08 0.000000000000000000e+00 0.000000000000000000e+00 1.323496042117499050e+00
3.053491385318884568e+03 3.327963598819719664e+02 0.000000000000000000e+00 7.177281857282319777e+01 9.574525216841925309e-07 1.698360482583571075e-08 1.185126006296621895e-08 2.739089880896418713e-10 1.534372759301384128e-10 4.164704014644505668e-08 9.419018775785579829e-08 9.551415965817229922e-08 2.109279483083052404e-07 6.127197890206174691e-08 -4.015400757350592697e-09 -3.061514474683331157e-09 -5.294018926407834885e-09 1.241250456436775511e-08 0.000000000000000000e+00 3.032535330140550264e-08 0.000000000000000000e+00 0.000000000000000000e+00 8.881384927688563691e-01
3.163979006419430789e+03 3.427402457810211445e+02 0.000000000000000000e+00 4.586846794339322742e+01 8.477662918193484887e-07 1.480967665400255354e-08 1.086424351912185356e-08 2.625579082736971366e-10 1.445972460887792500e-10 4.071308519864334045e-08 9.209068899881301304e-08 9.341187052933235030e-08 2.085006540052209631e-07 6.038871861153941301e-08 -4.015470904599524011e-09 -3.061644552507957013e-09 -5.294353475089857348e-09 1.236928356628318933e-08 0.000000000000000000e+00 3.376013220859248586e-08 0.000000000000000000e+00 0.000000000000000000e+00 8.259261068415512108e-01
3.274466627519977010e+03 3.526841316800703225e+02 0.000000000000000000e+00 2.045155426418278921e+01 7.650083181544194853e-07 1.320989427851784476e-08 1.010021214946144098e-08 2.533140874734771642e-10 1.375495276877376304e-10 3.994141776519276685e-08 9.036621478807909552e-08 9.168920678779397837e-08 2.052990472642756057e-07 5.965333590639632074e-08 -4.015494287015833897e-09 -3.061687911782832298e-09 -5.294464991317198720e-09 1.233316105881436998e-08 0.000000000000000000e+00 3.977194335752172010e-08 0.000000000000000000e+00 0.000000000000000000e+00 7.839859855572678393e-01
3.306168160469647319e+03 3.555372696455406185e+02 0.000000000000000000e+00 1.327250981374383620e+01 7.464756836883582206e-07 1.285915629174051198e-08 9.925680157551461308e-09 2.511155699525897002e-10 1.359021240819146899e-10 3.975632016967346922e-08 8.995454304917367427e-08 9.127878030028073922e-08 2.042619242818470321e-07 5.947596242934509640e-08 -4.015494928670585094e-09 -3.061689101637823532e-09 -5.294468051519198690e-09 1.232443313783076365e-08 0.000000000000000000e+00 4.215894546268246931e-08 0.000000000000000000e+00 0.000000000000000000e+00 7.752358116909259245e-01
3.337869693419317628e+03 3.583904076110109145e+02 0.000000000000000000e+00 6.184038812844511845e+00 7.306869044316100647e-07 1.256248785852813559e-08 9.776520499915837494e-09 2.492121204624499980e-10 1.344856765067450902e-10 3.959652406392804577e-08 8.959987246381969805e-08 9.092551527367951233e-08 2.032121836456319470e-07 5.932268748081702567e-08 -4.015495142555501608e-09 -3.061689498256153805e-09 -5.294469071586532014e-09 1.231691059607037097e-08 0.000000000000000000e+00 4.517697932077056788e-08 0.000000000000000000e+00 0.000000000000000000e+00 7.690501982255836255e-01
3.339762825172680550e+03 3.585607894688135957e+02 0.000000000000000000e+00 5.763633300484022115e+00 7.298314214288945348e-07 1.254648648150463512e-08 9.768418921685224377e-09 2.491078547001922538e-10 1.344084309062403022e-10 3.958778643685535803e-08 8.958050435308130394e-08 9.090623526973463675e-08 2.031495161041351112e-07 5.931430031606837950e-08 -4.015495142809751286e-09 -3.061689498727622352e-09 -5.294469072799107654e-09 1.231649947958034478e-08 0.000000000000000000e+00 4.537784627440395480e-08 0.000000000000000000e+00 0.000000000000000000e+00 7.686091960336233209e-01
3.341655956926043473e+03 3.587311713266162769e+02 0.000000000000000000e+00 5.343607387903166916e+00 7.289870992832663762e-07 1.253069457868474024e-08 9.760417578170981721e-09 2.490047948184156852e-10 1.343321042315224665e-10 3.957914992062445789e-08 8.956136162943469918e-08 9.088717992091035291e-08 2.030874047618420862e-07 5.930600828766466859e-08 -4.015495142894500903e-09 -3.061689498884778397e-09 -5.294469073203299534e-09 1.231609281790213468e-08 0.000000000000000000e+00 4.558233098323843601e-08 0.000000000000000000e+00 0.000000000000000000e+00 7.681713422826705884e-01
3.342874466840320565e+03 3.588408372189012425e+02 0.000000000000000000e+00 5.073464673424634697e+00 7.284497023102366884e-07 1.252064327202794182e-08 9.755321797157127814e-09 2.489391148547687542e-10 1.342834745430095141e-10 3.957364581811997741e-08 8.954916244327142143e-08 9.087503651754526661e-08 2.030477540951759444e-07 5.930072263150670437e-08 -4.015495142906203854e-09 -3.061689498906480721e-09 -5.294469073259116028e-09 1.231583347074573766e-08 0.000000000000000000e+00 4.571593296939421049e-08 0.000000000000000000e+00 0.000000000000000000e+00 7.678919689439021035e-01
3.344092976754597657e+03 3.589505031111862081e+02 0.000000000000000000e+00 4.803488205832912250e+00 7.279171464774841119e-07 1.251068227387689838e-08 9.750269456791629603e-09 2.488739599303138598e-10 1.342352437848539555e-10 3.956818566039168256e-08 8.953706106305108043e-08 9.086299052164375945e-08 2.030083806155626018e-07 5.929547827976073123e-08 -4.015495142910104838e-09 -3.061689498913714829e-09 -5.294469073277721801e-09 1.231557604460189932e-08 0.000000000000000000e+00 4.585115805340638239e-08 0.000000000000000000e+00 0.000000000000000000e+00 7.676168692287784756e-01
3.348828479669866738e+03 3.593766983735604299e+02 0.000000000000000000e+00 3.678651372299087896e+00 7.182579220696295032e-07 1.232397289812284066e-08 9.652736142298136120e-09 2.476003917724159079e-10 1.332839828678673671e-10 3.945329787855315553e-08 8.928254542048218659e-08 9.060963294989050447e-08 2.021794399966848269e-07 5.918333417743504092e-08 -4.015495142929744587e-09 -3.061689498950134764e-09 -5.294469073371390907e-09 1.230984948141309849e-08 0.000000000000000000e+00 4.849193526449853566e-08 0.000000000000000000e+00 0.000000000000000000e+00 7.623603944476105010e-01
3.353563982585135818e+03 3.598028936359346517e+02 0.000000000000000000e+00 2.518974139822603764e+00 7.064899134135122443e-07 1.209633457701903202e-08 9.533055307318706611e-09 2.460290007528486314e-10 1.321118560359145361e-10 3.931062810584075142e-08 8.896650529309875404e-08 9.029501929231888364e-08 2.011487149268716970e-07 5.904377519685184024e-08 -4.015495142936290894e-09 -3.061689498962274467e-09 -5.294469073402614493e-09 1.230269179129869067e-08 0.000000000000000000e+00 5.195984114801729594e-08 0.000000000000000000e+00 0.000000000000000000e+00 7.560518980929782362e-01
3.358299485500404899e+03 3.602290888983088735e+02 0.000000000000000000e+00 1.336272684626272467e+00 6.944527972088974455e-07 1.186368032156336464e-08 9.409942228467554116e-09 2.444025817948839799e-10 1.309012075230550075e-10 3.916231293040908404e-08 8.863797186539769692e-08 8.996794909207251012e-08 2.000783561558166284e-07 5.889841808844687922e-08 -4.015495142938472997e-09 -3.061689498966321034e-09 -5.294469073413022080e-09 1.229520865795530673e-08 0.000000000000000000e+00 5.584845665538486541e-08 0.000000000000000000e+00 0.000000000000000000e+00 7.497237080057007619e-01
3.363034988415673979e+03 3.606552841606830953e+02 0.000000000000000000e+00 1.325793084971188807e-01 6.827842739473309315e-07 1.163844563507872584e-08 9.289924567725690479e-09 2.428063146752558564e-10 1.297158875844931649e-10 3.901614532007144336e-08 8.831420595861882612e-08 8.964560276874278351e-08 1.990252065352383756e-07 5.875488424459136643e-08 -4.015495142939200916e-09 -3.061689498967670166e-09 -5.294469073416491275e-09 1.228779103385425433e-08 0.000000000000000000e+00 6.005577613097584433e-08 0.000000000000000000e+00 0.000000000000000000e+00 7.438359982363431655e-01
