0.000000000000000000e+00 5.849004806635442577e+01 0.000000000000000000e+00 7.876492693645817553e+02 2.164945460451830461e-05 3.598534809440921834e-07 7.551047038637461171e-08 7.376378125477363595e-10 5.436203087416259188e-10 7.457739421966256950e-08 1.700351985802444395e-07 1.720398568129684629e-07 2.966535556112330875e-07 9.664603234821850132e-08 5.293732741297470307e-09 1.261704076550937212e-08 1.640316487819487650e-08 1.693096544216021801e-08 0.000000000000000000e+00 1.585019748975422139e-08 0.000000000000000000e+00 0.000000000000000000e+00 1.279390149950686428e+01
7.856149114094372610e-02 5.849711860055710844e+01 0.000000000000000000e+00 7.876313470920691771e+02 2.164864470539873694e-05 3.598425744843189782e-07 7.550936688154565764e-08 7.376334473544368590e-10 5.436160362797120468e-10 7.457728655490462307e-08 1.700349314286068386e-07 1.720395877656250686e-07 2.966535332150961330e-07 9.664596729657473291e-08 5.290000420268265780e-09 1.261198066313629185e-08 1.639937183616242679e-08 1.693096431530196922e-08 0.000000000000000000e+00 1.585228027396029173e-08 0.000000000000000000e+00 0.000000000000000000e+00 1.281013238426727519e+01
1.091497197364737701e+02 6.831352284263705599e+01 0.000000000000000000e+00 7.627177987647597774e+02 2.055382429912857260e-05 3.447544623144314410e-07 7.393205941306005587e-08 7.312871739680372752e-10 5.373987155199503155e-10 7.441418109578533312e-08 1.696313632328657539e-07 1.716330359633141930e-07 2.966189894799679940e-07 9.654607176428689674e-08 -2.106472766144835213e-10 6.989109890871170281e-09 1.196863912238802074e-08 1.692916944887386391e-08 0.000000000000000000e+00 1.849561634513662628e-08 0.000000000000000000e+00 0.000000000000000000e+00 1.218778195672918763e+01
3.636678274381441724e+02 9.122015253578739191e+01 0.000000000000000000e+00 7.044814536941345295e+02 1.810716390757315382e-05 3.098557384892413016e-07 7.008423415715932278e-08 7.153390973290984829e-10 5.217652974117093663e-10 7.397578723913159716e-08 1.685519895786308372e-07 1.705452827830945991e-07 2.965219438163540673e-07 9.627133761249786925e-08 -4.489243823024146839e-09 -4.905030201304870415e-10 3.295181842899753309e-09 1.692391581328274667e-08 0.000000000000000000e+00 2.372076963547500422e-08 0.000000000000000000e+00 0.000000000000000000e+00 1.080614493203254867e+01
6.181859351398145463e+02 1.141267822289377278e+02 0.000000000000000000e+00 6.461110152231378834e+02 1.581062541357783533e-05 2.755553771316733620e-07 6.600746187526308112e-08 6.977087643005890571e-10 5.044879021338103435e-10 7.344656699201941451e-08 1.672575104975290187e-07 1.692402566825669166e-07 2.963967392001873531e-07 9.592947826334561223e-08 -5.915442671827367393e-09 -2.983707323797706011e-09 4.040294164036637497e-10 1.691682494856370492e-08 0.000000000000000000e+00 2.772489311073178083e-08 0.000000000000000000e+00 0.000000000000000000e+00 9.513411247062434128e+00
8.727040428414849202e+02 1.370334119220880496e+02 0.000000000000000000e+00 5.876157268228068915e+02 1.367696392205070834e-05 2.422156867456440852e-07 6.170190801466318853e-08 6.781232749105432508e-10 4.853441587619470143e-10 7.280137678762489385e-08 1.656906788772772325e-07 1.676603219564790871e-07 2.962293139852883605e-07 9.549895944468029049e-08 -6.390842288095107578e-09 -3.814775425020111783e-09 -4.381909604536526584e-09 1.690710286859780378e-08 0.000000000000000000e+00 3.062371149401124791e-08 0.000000000000000000e+00 0.000000000000000000e+00 8.311741451980351414e+00
1.164944437606849533e+03 1.633350474509708476e+02 0.000000000000000000e+00 5.202962692915178877e+02 1.144050024590424402e-05 2.056136737896514239e-07 5.649633752441324168e-08 6.529197396089592940e-10 4.608440665004902726e-10 7.188055071707100371e-08 1.634724935961288822e-07 1.654232998452593771e-07 2.959623066577090250e-07 9.486126823472472548e-08 -6.599762612967486264e-09 -4.179998727179175939e-09 -6.159923424928888337e-09 1.689124713620416665e-08 0.000000000000000000e+00 3.285937548461133922e-08 0.000000000000000000e+00 0.000000000000000000e+00 7.047447773968306350e+00
1.457184832372214260e+03 1.896366829798536742e+02 0.000000000000000000e+00 4.528669975523131939e+02 9.435353099356660718e-06 1.713198236985328462e-07 5.106644801954265748e-08 6.246363617641736325e-10 4.336100811873489681e-10 7.073027084649493453e-08 1.607264768618148490e-07 1.626547257392227837e-07 2.955658947267256024e-07 9.403310009241071002e-08 -6.669402721258279711e-09 -4.301739827898863991e-09 -6.752594698393010575e-09 1.686855111875843918e-08 0.000000000000000000e+00 3.417675986057673427e-08 0.000000000000000000e+00 0.000000000000000000e+00 5.916305914287447898e+00
2.372869839614168086e+03 2.720483336316295322e+02 0.000000000000000000e+00 2.418192819222836363e+02 4.698766088493829133e-06 8.454676486991869241e-08 3.424634728491231258e-08 5.191467866773543232e-10 3.362338093548913536e-10 6.516355649562220910e-08 1.477698374275797403e-07 1.496225202742116651e-07 2.914364757106595235e-07 8.956007548125394179e-08 -6.897305645762437574e-09 -4.700147492208030364e-09 -8.692159696311531137e-09 1.670773643928006615e-08 0.000000000000000000e+00 3.764252269595536477e-08 0.000000000000000000e+00 0.000000000000000000e+00 3.214041550390798196e+00
2.793557272459645901e+03 3.099102025877225515e+02 0.000000000000000000e+00 1.454185479279095432e+02 3.300610557848289807e-06 5.759110213269602477e-08 2.727263242025277685e-08 4.659690657378291485e-10 2.893176710403903977e-10 6.181668061113864639e-08 1.401110121739610528e-07 1.419381167727595736e-07 2.869891720665170921e-07 8.669428429242633918e-08 -6.913340149151472006e-09 -4.728178150688966934e-09 -8.828621137515240608e-09 1.659026171289821806e-08 0.000000000000000000e+00 4.294672126319651723e-08 0.000000000000000000e+00 0.000000000000000000e+00 2.409703058314118351e+00
3.214244705305123716e+03 3.477720715438155707e+02 0.000000000000000000e+00 5.080627190254665493e+01 2.398703875398380539e-06 4.040362966945566611e-08 2.201836637957751620e-08 4.203992792209223327e-10 2.505761728996535921e-10 5.862688979650995369e-08 1.328970392411188982e-07 1.347150925453732690e-07 2.800367418681731906e-07 8.383019335465922202e-08 -6.918684983614483759e-09 -4.737521703515945791e-09 -8.874108284583143764e-09 1.645982914773049511e-08 0.000000000000000000e+00 6.173640915538944395e-08 0.000000000000000000e+00 0.000000000000000000e+00 1.887998117834599920e+00
3.240537669857966193e+03 3.501384383535713596e+02 0.000000000000000000e+00 4.496152606234826266e+01 2.358961219623784943e-06 3.965711907465862604e-08 2.175202728009125382e-08 4.178507974630613661e-10 2.484674620634398072e-10 5.843657304572835940e-08 1.324695817591904523e-07 1.342876561992198602e-07 2.795172744110207413e-07 8.365479351971664632e-08 -6.918691943034356752e-09 -4.737533869600355907e-09 -8.874167512639223189e-09 1.645142123600698824e-08 0.000000000000000000e+00 6.357235465115885008e-08 0.000000000000000000e+00 0.000000000000000000e+00 1.866316197031425927e+00
3.266830634410808671e+03 3.525048051633271484e+02 0.000000000000000000e+00 3.914107081436957714e+01 2.321349705827548125e-06 3.895316662437364599e-08 2.149879381731968295e-08 4.154041401607683620e-10 2.464512704525445507e-10 5.825333752695935699e-08 1.320585340172291880e-07 1.338768201702807908e-07 2.789733685461800305e-07 8.348561739289698459e-08 -6.918694262840981358e-09 -4.737537924961825946e-09 -8.874187255324582997e-09 1.644329696985436122e-08 0.000000000000000000e+00 6.560384304923011996e-08 0.000000000000000000e+00 0.000000000000000000e+00 1.847842635021497149e+00
3.288349870853131051e+03 3.544415364431361581e+02 0.000000000000000000e+00 3.439837941550925393e+01 2.292189671395278683e-06 3.840922684207218227e-08 2.130181496331608337e-08 4.134857348160613580e-10 2.448762450945985033e-10 5.810945248507034423e-08 1.317361460685127193e-07 1.335547556852990388e-07 2.785080622875786786e-07 8.335259130203211385e-08 -6.918694780811608538e-09 -4.737538830450283748e-09 -8.874191663507147664e-09 1.643690362224011322e-08 0.000000000000000000e+00 6.746880713762241416e-08 0.000000000000000000e+00 0.000000000000000000e+00 1.833749788365024447e+00
3.293729679963711533e+03 3.549257192630884106e+02 0.000000000000000000e+00 3.321579475101447798e+01 2.285130864958850282e-06 3.827780804670612336e-08 2.125404309647070333e-08 4.130183616117162088e-10 2.444933515267292555e-10 5.807437350433455813e-08 1.316576031220269703e-07 1.334763141297586690e-07 2.783889910825483231e-07 8.332013437215590692e-08 -6.918694791602663530e-09 -4.737538849314626481e-09 -8.874191755344284565e-09 1.643534302287424857e-08 0.000000000000000000e+00 6.796149392951435267e-08 0.000000000000000000e+00 0.000000000000000000e+00 1.830311512896175330e+00
3.299109489074292014e+03 3.554099020830406630e+02 0.000000000000000000e+00 3.203443928864630408e+01 2.278170255457055851e-06 3.814827420154166937e-08 2.120688611685640001e-08 4.125562247436036401e-10 2.441150220996227006e-10 5.803967125845737997e-08 1.315799208884327863e-07 1.333987380826024857e-07 2.782695680888035009e-07 8.328801238299803214e-08 -6.918694795199681584e-09 -4.737538855602741001e-09 -8.874191785956664084e-09 1.643379748786263007e-08 0.000000000000000000e+00 6.846465112995464280e-08 0.000000000000000000e+00 0.000000000000000000e+00 1.826621530889585454e+00
3.302609287103297447e+03 3.557248839056511542e+02 0.000000000000000000e+00 3.126654811144940282e+01 2.273695788694302642e-06 3.806502165872511583e-08 2.117653808097953930e-08 4.122583938438923262e-10 2.438713357969755522e-10 5.801729392606187569e-08 1.315298360686740444e-07 1.333487238047275024e-07 2.781919394211569816e-07 8.326728967085664871e-08 -6.918694795707108914e-09 -4.737538856489797909e-09 -8.874191790275115982e-09 1.643279952695703820e-08 0.000000000000000000e+00 6.879865781584419426e-08 0.000000000000000000e+00 0.000000000000000000e+00 1.824129579589839567e+00
3.306109085132302880e+03 3.560398657282616455e+02 0.000000000000000000e+00 3.049911577965621845e+01 2.269264600195343946e-06 3.798256779343565472e-08 2.114644700555735978e-08 4.119627474014034099e-10 2.436295260110598837e-10 5.799506504313120393e-08 1.314800875881064447e-07 1.332990457011083999e-07 2.781146569593080069e-07 8.324669472849639645e-08 -6.918694795876250805e-09 -4.737538856785483545e-09 -8.874191791714598845e-09 1.643180658854273033e-08 0.000000000000000000e+00 6.913864227021223819e-08 0.000000000000000000e+00 0.000000000000000000e+00 1.821532621586064549e+00
3.308690279923285743e+03 3.562721732594500850e+02 0.000000000000000000e+00 2.993340728018508656e+01 2.266024420289778922e-06 3.792226951618951136e-08 2.112441938599685375e-08 4.117461086437492812e-10 2.434523921100535964e-10 5.797876601896772534e-08 1.314436125876890523e-07 1.332626223512095314e-07 2.780579181767408966e-07 8.323158730135769744e-08 -6.918694795906919354e-09 -4.737538856839095602e-09 -8.874191791975599144e-09 1.643107744817943741e-08 0.000000000000000000e+00 6.939318944244056818e-08 0.000000000000000000e+00 0.000000000000000000e+00 1.819649802065685051e+00
3.311271474714268606e+03 3.565044807906385245e+02 0.000000000000000000e+00 2.932365357346573376e+01 2.249771433554019334e-06 3.760933086121114269e-08 2.100694935290246461e-08 4.105800788613553198e-10 2.424886219938911164e-10 5.788416818599627036e-08 1.312320012976295077e-07 1.330513065786836878e-07 2.777289078023649742e-07 8.314251754508787032e-08 -6.918694795917142479e-09 -4.737538856856966839e-09 -8.874191792062598692e-09 1.642660859917261070e-08 0.000000000000000000e+00 7.068604538298005054e-08 0.000000000000000000e+00 0.000000000000000000e+00 1.810017822120778996e+00
3.313852669505251470e+03 3.567367883218269640e+02 0.000000000000000000e+00 2.869864915052124488e+01 2.229361091967284295e-06 3.721596928164842140e-08 2.085869006142563371e-08 4.091037549265966039e-10 2.412690138730685635e-10 5.776378685933595348e-08 1.309627245553341869e-07 1.327824001645054708e-07 2.773098381280304934e-07 8.302900759006324902e-08 -6.918694795920550463e-09 -4.737538856862924194e-09 -8.874191792091599644e-09 1.642089611842557742e-08 0.000000000000000000e+00 7.232719857492056891e-08 0.000000000000000000e+00 0.000000000000000000e+00 1.797914084525781941e+00
3.316433864296234333e+03 3.569690958530154035e+02 0.000000000000000000e+00 2.806807577975753887e+01 2.207764033248043576e-06 3.680000522198751978e-08 2.070126075310177256e-08 4.075300018239160225e-10 2.399706144379026488e-10 5.763507009527916488e-08 1.306748061969746348e-07 1.324948666027264767e-07 2.768619136066922288e-07 8.290749076217564460e-08 -6.918694795921687009e-09 -4.737538856864910255e-09 -8.874191792101267731e-09 1.641476614766595355e-08 0.000000000000000000e+00 7.408296838338666525e-08 0.000000000000000000e+00 0.000000000000000000e+00 1.785021554295019408e+00
3.319015059087217196e+03 3.572014033842038430e+02 0.000000000000000000e+00 2.743502752096362585e+01 2.185949264765569223e-06 3.638025123949076664e-08 2.054180461446264106e-08 4.059301176063825297e-10 2.386524609355351169e-10 5.750391460680428765e-08 1.303814421835644506e-07 1.322018875110362805e-07 2.764047281882260321e-07 8.278354383819033877e-08 -6.918694795922065858e-09 -4.737538856865572827e-09 -8.874191792104490427e-09 1.640850164849481817e-08 0.000000000000000000e+00 7.587614513229881108e-08 0.000000000000000000e+00 0.000000000000000000e+00 1.772141294767488606e+00
3.328314356205356489e+03 3.580383401248363953e+02 0.000000000000000000e+00 2.513683205245256858e+01 2.110562145735644270e-06 3.493949617402951529e-08 1.998648728895350511e-08 4.002709454892897147e-10 2.340215062763325181e-10 5.703696293003843485e-08 1.293375055896883179e-07 1.311594892207030541e-07 2.746936683534314832e-07 8.234085561921959735e-08 -6.918694795922065858e-09 -4.737538856865572827e-09 -8.874191792104490427e-09 1.638604569611304352e-08 0.000000000000000000e+00 8.213160700684846087e-08 0.000000000000000000e+00 0.000000000000000000e+00 1.729019684181326566e+00
3.337613653323495782e+03 3.588752768654689476e+02 0.000000000000000000e+00 2.282159120708543298e+01 2.039072329798550884e-06 3.359705113217338953e-08 1.946584357831199949e-08 3.949055524865669208e-10 2.296707943438450734e-10 5.659801824835281374e-08 1.283585536601316975e-07 1.301834886971369331e-07 2.725980357936206491e-07 8.192635346526250424e-08 -6.918694795922065858e-09 -4.737538856865572827e-09 -8.874191792104490427e-09 1.636544455518855315e-08 0.000000000000000000e+00 8.874880700846753443e-08 0.000000000000000000e+00 0.000000000000000000e+00 1.696224071616766693e+00
3.356982299422706546e+03 3.606184550143979095e+02 0.000000000000000000e+00 1.794368526038949696e+01 1.900525355002206121e-06 3.101606751153304637e-08 1.844834644874244021e-08 3.842337149904643974e-10 2.210847589337492062e-10 5.571923614526300052e-08 1.264000219768873501e-07 1.282313531561890790e-07 2.681034443767335978e-07 8.109390554573390227e-08 -6.918694795922065858e-09 -4.737538856865572827e-09 -8.874191792104490427e-09 1.632396568429769506e-08 0.000000000000000000e+00 1.028733288740202733e-07 0.000000000000000000e+00 0.000000000000000000e+00 1.617587627141155560e+00
3.376350945521917311e+03 3.623616331633268715e+02 0.000000000000000000e+00 1.296969085686663092e+01 1.775718998528638861e-06 2.871254568439668650e-08 1.751978122037377657e-08 3.742657349428739930e-10 2.131438840782064565e-10 5.489028527800716386e-08 1.245538973842869517e-07 1.263916167225570562e-07 2.635692408559316831e-07 8.030492912396361326e-08 -6.918694795922065858e-09 -4.737538856865572827e-09 -8.874191792104490427e-09 1.628442789562843766e-08 0.000000000000000000e+00 1.179043620359181917e-07 0.000000000000000000e+00 0.000000000000000000e+00 1.546552836583024337e+00
3.395719591621128075e+03 3.641048113122558334e+02 0.000000000000000000e+00 7.848200491161430037e+00 1.666107594210222820e-06 2.671313091851603377e-08 1.669587302751342871e-08 3.652093268815519278e-10 2.060073132292813484e-10 5.413160171012945362e-08 1.228662581782824816e-07 1.247106537569599362e-07 2.589020840532394203e-07 7.958019599360099514e-08 -6.918694795922065858e-09 -4.737538856865572827e-09 -8.874191792104490427e-09 1.624805965805308398e-08 0.000000000000000000e+00 1.347707944103535321e-07 0.000000000000000000e+00 0.000000000000000000e+00 1.488493295245076009e+00
3.415088237720338839e+03 3.658479894611847953e+02 0.000000000000000000e+00 2.492729166704683141e+00 1.572936656083521466e-06 2.502764856404298949e-08 1.598544390014156841e-08 3.572167488465916902e-10 1.997692963348135081e-10 5.345511844572855191e-08 1.213625588819725907e-07 1.232131318181626548e-07 2.544988588282478699e-07 7.893063354250260565e-08 -6.918694795922065858e-09 -4.737538856865572827e-09 -8.874191792104490427e-09 1.621522350559286265e-08 0.000000000000000000e+00 1.554916014350644531e-07 0.000000000000000000e+00 0.000000000000000000e+00 1.439350476890188135e+00
