0.000000000000000000e+00 5.722171766023453188e+01 0.000000000000000000e+00 7.868638458939772136e+02 2.116859490608209699e-06 3.866458685723165028e-08 9.593594677899655993e-09 1.022112956931348630e-10 7.395301512551606566e-11 1.071505968723153038e-08 2.440003944792401848e-08 2.468961247085388939e-08 4.312747812388440495e-08 1.398155462930767021e-08 2.270759003128112388e-11 7.064055275421586040e-11 3.766984394248458425e-10 2.461732970749464236e-09 0.000000000000000000e+00 4.304287622994346232e-09 0.000000000000000000e+00 0.000000000000000000e+00 1.275561950684627188e+00
7.728031847664257326e-02 5.722867288889742809e+01 0.000000000000000000e+00 7.868448865945013040e+02 2.116603065624599754e-06 3.866083052087361007e-08 9.593156606612955523e-09 1.022095161462776956e-10 7.395125734485279529e-11 1.071501027464570850e-08 2.439991683825998529e-08 2.468948899227663179e-08 4.312746767665771570e-08 1.398152474418252704e-08 2.265633598763303318e-11 7.055035570148335439e-11 3.764225330897943451e-10 2.461732459669677143e-09 0.000000000000000000e+00 4.304567604100986750e-09 0.000000000000000000e+00 0.000000000000000000e+00 1.277118135743290361e+00
3.726016002162808860e+01 6.057513206218105495e+01 0.000000000000000000e+00 7.777079218956673685e+02 1.996774971821266667e-06 3.687852272210012914e-08 9.379380089903160019e-09 1.013274341511474878e-10 7.308189375254150340e-11 1.069012364918537497e-08 2.433822707040458665e-08 2.462735575536886491e-08 4.312215589269718865e-08 1.396639886060392742e-08 -3.159485255494851338e-12 3.630420982367165412e-11 2.701937303766709552e-10 2.461470827813301270e-09 0.000000000000000000e+00 4.412346255791987732e-09 0.000000000000000000e+00 0.000000000000000000e+00 1.209251649846299959e+00
1.346408717363691494e+02 6.933939611650774282e+01 0.000000000000000000e+00 7.537061729114590207e+02 1.699259473502253088e-06 3.233608244270465394e-08 8.805892133004456732e-09 9.889041061449237723e-11 7.069079078399039220e-11 1.061934534479868573e-08 2.416309480060851359e-08 2.445093160058311244e-08 4.310679921052173639e-08 1.392299367067240533e-08 -2.569640785918130891e-11 -1.837638071236636318e-12 4.505248031582501451e-11 2.460704577364994780e-09 0.000000000000000000e+00 4.580293021460756212e-09 0.000000000000000000e+00 0.000000000000000000e+00 1.040516501213308853e+00
2.320215834511102173e+02 7.810366017083444490e+01 0.000000000000000000e+00 7.296866228872207785e+02 1.424212866833525035e-06 2.798169332889596837e-08 8.214843795666133703e-09 9.627268961956146034e-11 6.813976341560752409e-11 1.054036086348137023e-08 2.396811090284395669e-08 2.425446394293341405e-08 4.308925838946650926e-08 1.387398968888700785e-08 -3.320871539374346036e-11 -1.455158736953939657e-11 -2.999460303779028181e-11 2.459816981481896631e-09 0.000000000000000000e+00 4.599363317154011515e-09 0.000000000000000000e+00 0.000000000000000000e+00 8.842866062478320632e-01
3.294022951658512852e+02 8.686792422516114698e+01 0.000000000000000000e+00 7.061021114925596294e+02 1.175492388838157663e-06 2.388531897862934972e-08 7.610812099095783180e-09 9.346732440601300340e-11 6.542928145794977205e-11 1.045229098960089214e-08 2.375123347092791222e-08 2.403589923133710414e-08 4.306899552769314361e-08 1.381870085819137865e-08 -3.571281790526417751e-11 -1.878957046897364890e-11 -5.501029748899537628e-11 2.458790671065661572e-09 0.000000000000000000e+00 4.469292457325132590e-09 0.000000000000000000e+00 0.000000000000000000e+00 7.428703477935165722e-01
4.267830068805923247e+02 9.563218827948784906e+01 0.000000000000000000e+00 6.831589841289628566e+02 9.542188165190306324e-07 2.009125237870285748e-08 6.997865668704572186e-09 9.046784879705359335e-11 6.256074692809789380e-11 1.035438296115009365e-08 2.351066707203481945e-08 2.379341919638003066e-08 4.304569930310514227e-08 1.375654892131286981e-08 -3.654751874243774989e-11 -2.020223150211840076e-11 -6.334886230606373679e-11 2.457612010091268436e-09 0.000000000000000000e+00 4.216644814028951662e-09 0.000000000000000000e+00 0.000000000000000000e+00 6.165488362256300592e-01
5.777154443566121245e+02 1.092161076523296259e+02 0.000000000000000000e+00 6.491711853747476653e+02 6.638900865905287576e-07 1.487821527561124313e-08 6.044785742463271295e-09 8.543984103477380351e-11 5.783290330153685106e-11 1.018233949356947523e-08 2.308896321284463327e-08 2.336830103125729042e-08 4.300245160463148538e-08 1.364600953410057199e-08 -3.721590710115873246e-11 -2.133342263949635285e-11 -7.002598470004770662e-11 2.455477906327392815e-09 0.000000000000000000e+00 3.657135242600173952e-09 0.000000000000000000e+00 0.000000000000000000e+00 4.502345766297816132e-01
7.286478818326319242e+02 1.228000270251714028e+02 0.000000000000000000e+00 6.174356426872908514e+02 4.356386764430436702e-07 1.049909853694731267e-08 5.105068200122570255e-09 8.000924532060304382e-11 5.284433977892032280e-11 9.988694724195599966e-09 2.261492909016727088e-08 2.289040582240476143e-08 4.295022725264905048e-08 1.352072738756965243e-08 -3.743870322073238685e-11 -2.171048635195567128e-11 -7.225169216470903421e-11 2.453066376320008381e-09 0.000000000000000000e+00 2.924568723611138078e-09 0.000000000000000000e+00 0.000000000000000000e+00 3.186619393478876683e-01
8.795803193086517240e+02 1.363839463980131939e+02 0.000000000000000000e+00 5.884760434071599775e+02 2.653033912657737320e-07 7.017109560214368903e-09 4.219940389244919850e-09 7.440759204989051730e-11 4.784560442914173831e-11 9.787507727072145692e-09 2.212140095183633893e-08 2.239296395283003468e-08 4.289131991803600932e-08 1.339177911062087909e-08 -3.751296859392360498e-11 -2.183617425610877635e-11 -7.299359465292947673e-11 2.450711711107975835e-09 0.000000000000000000e+00 2.116358603964964419e-09 0.000000000000000000e+00 0.000000000000000000e+00 2.197754487775401833e-01
1.030512756784671410e+03 1.499678657708549849e+02 0.000000000000000000e+00 5.632021857252782411e+02 1.468829678881356629e-07 4.503244821911014502e-09 3.473723872028177738e-09 6.937729953278711845e-11 4.351490872337336476e-11 9.621961702998621803e-09 2.171085870680251294e-08 2.197957227313130421e-08 4.283844524937430404e-08 1.329074532823547229e-08 -3.753772371832068200e-11 -2.187807022415981353e-11 -7.324089548233628229e-11 2.449133792076035907e-09 0.000000000000000000e+00 1.412760063686940289e-09 0.000000000000000000e+00 0.000000000000000000e+00 1.505922061302538417e-01
1.109077246377708434e+03 1.570386698342283012e+02 0.000000000000000000e+00 5.521935043900589335e+02 1.048104611885683556e-07 3.625083536788142166e-09 3.193803021826828470e-09 6.749900776170421499e-11 4.196429833431625278e-11 9.572161372439274833e-09 2.158464612218484745e-08 2.185283658386324619e-08 4.282102832807158261e-08 1.326301734294263476e-08 -3.753995950968135383e-11 -2.188185411318064853e-11 -7.326323077942490804e-11 2.448796557352927370e-09 0.000000000000000000e+00 1.065864962101857714e-09 0.000000000000000000e+00 0.000000000000000000e+00 1.259629708308767082e-01
1.187641735970745458e+03 1.641094738976016174e+02 0.000000000000000000e+00 5.440602037665448734e+02 7.319209853481166232e-08 3.073853495219995763e-09 3.036303131480888665e-09 6.652550318159682499e-11 4.119922790157228368e-11 9.552521146083139293e-09 2.153387699395946060e-08 2.180212669572290842e-08 4.281377134049001815e-08 1.325271225875277001e-08 -3.754070477346824013e-11 -2.188311540952092794e-11 -7.327067587845445427e-11 2.448681086939669509e-09 0.000000000000000000e+00 7.199989350687648758e-10 0.000000000000000000e+00 0.000000000000000000e+00 1.075497064338314102e-01
1.266206225563782482e+03 1.711802779609749336e+02 0.000000000000000000e+00 5.381020113013601076e+02 4.884025694672703254e-08 2.680299691746356947e-09 2.934082171413898388e-09 6.594356034053662968e-11 4.077072904317255881e-11 9.544414698012131935e-09 2.151227082034060085e-08 2.178077273153714457e-08 4.281051709584963973e-08 1.324879952533390742e-08 -3.754095319473053126e-11 -2.188353584163435441e-11 -7.327315757813096968e-11 2.448641643963104412e-09 0.000000000000000000e+00 4.142597256680730831e-10 0.000000000000000000e+00 0.000000000000000000e+00 9.340585019569125347e-02
1.344770715156819506e+03 1.782510820243482499e+02 0.000000000000000000e+00 5.337743467507012838e+02 3.047726736039770718e-08 2.358179399546998708e-09 2.854081182768627707e-09 6.551485364983291332e-11 4.047525733986927612e-11 9.540524936052675232e-09 2.150139427444899643e-08 2.177022899699168897e-08 4.280875111214551423e-08 1.324715324596326380e-08 -3.754103600181795948e-11 -2.188367598567216108e-11 -7.327398481135647481e-11 2.448627913932181348e-09 0.000000000000000000e+00 1.890532799681311762e-10 0.000000000000000000e+00 0.000000000000000000e+00 8.273037036444537418e-02
1.423335204749856530e+03 1.853218860877215661e+02 0.000000000000000000e+00 5.300855722374848256e+02 1.683070932435904160e-08 2.047139406192980726e-09 2.775716867731839246e-09 6.511148825701737367e-11 4.021157095379145324e-11 9.538012425769966366e-09 2.149392214153426429e-08 2.176318917502410377e-08 4.280742593119709947e-08 1.324626551175438231e-08 -3.754106360418043555e-11 -2.188372270035142889e-11 -7.327426055576497222e-11 2.448622800622181508e-09 0.000000000000000000e+00 5.324172608087424626e-11 0.000000000000000000e+00 0.000000000000000000e+00 7.477099371785385362e-02
1.501899694342893554e+03 1.923926901510948824e+02 0.000000000000000000e+00 5.269388745388812367e+02 7.816013812705950555e-09 1.743147234132757697e-09 2.693523926725603841e-09 6.469342400791948928e-11 3.994670684217826952e-11 9.535893841347335339e-09 2.148732240577447107e-08 2.175712219572440610e-08 4.280618281323258527e-08 1.324561718960492913e-08 -3.754107280496792973e-11 -2.188373827191118483e-11 -7.327435247056781330e-11 2.448620550297644749e-09 0.000000000000000000e+00 2.122875257170563554e-11 0.000000000000000000e+00 0.000000000000000000e+00 6.946817484490477868e-02
1.535639632895851719e+03 1.954292846208610968e+02 0.000000000000000000e+00 5.257313569829830158e+02 5.312450288519384384e-09 1.615864909595009886e-09 2.656764294041095878e-09 6.450653321086626541e-11 3.983026659847799912e-11 9.535038331896496008e-09 2.148458286033787865e-08 2.175464266973970049e-08 4.280564858570920102e-08 1.324537824839722287e-08 -3.754107337060743550e-11 -2.188373922920851943e-11 -7.327435812124104303e-11 2.448620104171578328e-09 0.000000000000000000e+00 1.085575789073619650e-11 0.000000000000000000e+00 0.000000000000000000e+00 6.796332886354743141e-02
1.569379571448809884e+03 1.984658790906273111e+02 0.000000000000000000e+00 5.245811205270558730e+02 3.478953758947682813e-09 1.492278585646553467e-09 2.619072605039118257e-09 6.431379952837324636e-11 3.971079930942976567e-11 9.534167816308785695e-09 2.148177886841906880e-08 2.175211587235338132e-08 4.280509682264638164e-08 1.324513827665030752e-08 -3.754107355915393743e-11 -2.188373954830763204e-11 -7.327436000479877766e-11 2.448619707868924991e-09 0.000000000000000000e+00 7.398092997079712507e-12 0.000000000000000000e+00 0.000000000000000000e+00 6.684025262950508972e-02
1.620729296822709102e+03 2.030873543742782488e+02 0.000000000000000000e+00 5.229086383762677315e+02 1.745468965006056009e-09 1.313714393074102305e-09 2.560278535491668672e-09 6.401008988327935563e-11 3.952333837196247825e-11 9.532800254907507147e-09 2.147735720137607357e-08 2.174814486937765672e-08 4.280422157305259490e-08 1.324476288043412225e-08 -3.754107370472830313e-11 -2.188373979468001061e-11 -7.327436145906983350e-11 2.448619108005220590e-09 0.000000000000000000e+00 1.297104984169062669e-11 0.000000000000000000e+00 0.000000000000000000e+00 6.573200693248264226e-02
1.672079022196608321e+03 2.077088296579291864e+02 0.000000000000000000e+00 5.212996808094976586e+02 9.053938122977159679e-10 1.149676768008018999e-09 2.500639451339530484e-09 6.369754845480407966e-11 3.933106364787583888e-11 9.531392831452453155e-09 2.147279358760440420e-08 2.174405726784773055e-08 4.280331395659477967e-08 1.324437762194339661e-08 -3.754107375325308955e-11 -2.188373987680413679e-11 -7.327436194382684349e-11 2.448618505670881555e-09 0.000000000000000000e+00 2.603098521122339616e-11 0.000000000000000000e+00 0.000000000000000000e+00 6.513656784331038618e-02
1.723428747570507539e+03 2.123303049415801240e+02 0.000000000000000000e+00 5.197238844276957934e+02 5.395017963305076919e-10 1.002488604004924273e-09 2.441137998153983397e-09 6.338049189167448667e-11 3.913633560487315799e-11 9.529960674234489268e-09 2.146814365691820879e-08 2.173989782128671416e-08 4.280238528758313934e-08 1.324398596284806937e-08 -3.754107376942801835e-11 -2.188373990417884552e-11 -7.327436210541250488e-11 2.448617897513981793e-09 0.000000000000000000e+00 3.887166774833567264e-11 0.000000000000000000e+00 0.000000000000000000e+00 6.481928736977213279e-02
1.858684785799165638e+03 2.245033483821593450e+02 0.000000000000000000e+00 5.156087901994379763e+02 -9.365468250862512167e-12 6.933092630051488915e-10 2.289437822139652078e-09 6.254443246992070887e-11 3.862316187425959122e-11 9.526151278366828810e-09 2.145577232505681506e-08 2.172883622881238780e-08 4.279989180051963621e-08 1.324294429979161862e-08 -3.754107377963005044e-11 -2.188373992144493218e-11 -7.327436220732964787e-11 2.448616284322567267e-09 0.000000000000000000e+00 -2.159795036743826894e-11 0.000000000000000000e+00 0.000000000000000000e+00 6.421693189007229852e-02
1.993940824027823510e+03 2.366763918227385659e+02 0.000000000000000000e+00 5.115313070363436623e+02 -1.165909324813595626e-10 4.777553426129900763e-10 2.145218651815177694e-09 6.170889776013756171e-11 3.811063999726735640e-11 9.522293615408295398e-09 2.144324214750609589e-08 2.171763779911456602e-08 4.279733478834954838e-08 1.324188928411771022e-08 -3.754107377355472549e-11 -2.188373991116296408e-11 -7.327436214663789414e-11 2.448614652329772930e-09 0.000000000000000000e+00 -7.228255728105020435e-11 0.000000000000000000e+00 0.000000000000000000e+00 6.392147351933180621e-02
2.129196862256481381e+03 2.488494352633177868e+02 0.000000000000000000e+00 5.074699012092006569e+02 -8.503127070415389690e-11 3.286063853817990060e-10 2.009072580838747789e-09 6.087874507807003647e-11 3.760153383743346873e-11 9.518408716129650554e-09 2.143062496739348791e-08 2.170636288649206200e-08 4.279473711162084301e-08 1.324082645028651156e-08 -3.754107376783369235e-11 -2.188373990148060498e-11 -7.327436208948547823e-11 2.448613008164988581e-09 0.000000000000000000e+00 -1.150723855351327844e-10 0.000000000000000000e+00 0.000000000000000000e+00 6.374360419498778518e-02
2.337216755707364428e+03 2.675712256738972314e+02 0.000000000000000000e+00 5.012334449817798259e+02 -3.175462422823396910e-11 1.861493841956732491e-10 1.815173928146592009e-09 5.961649245820647780e-11 3.682747337721254327e-11 9.512397958386972537e-09 2.141111057643229537e-08 2.168892397525030488e-08 4.279066792388759387e-08 1.323918117270273388e-08 -3.754107375959039810e-11 -2.188373988752952541e-11 -7.327436200713593886e-11 2.448610463100088751e-09 0.000000000000000000e+00 -1.425830191868274315e-10 0.000000000000000000e+00 0.000000000000000000e+00 6.356082757704302477e-02
2.545236649158247474e+03 2.862930160844766760e+02 0.000000000000000000e+00 4.949990846608363881e+02 -6.088453569180375663e-12 1.048942433952824463e-10 1.639021416245629559e-09 5.837351109789213899e-11 3.606521924816416558e-11 9.506351218153775899e-09 2.139149019435903539e-08 2.167138869323219926e-08 4.278650430673766110e-08 1.323752490021873790e-08 -3.754107375535640305e-11 -2.188373988036385686e-11 -7.327436196483888542e-11 2.448607900715644031e-09 0.000000000000000000e+00 -1.469799900434020117e-10 0.000000000000000000e+00 0.000000000000000000e+00 6.342388044824907867e-02
2.753256542609130520e+03 3.050148064950561206e+02 0.000000000000000000e+00 4.887663317033521366e+02 5.579011273227862880e-13 6.920330206763240383e-11 1.479215210283396161e-09 5.715075038254797989e-11 3.531534355049379056e-11 9.500274943061464925e-09 2.137178396548293925e-08 2.165377467998288350e-08 4.278225957544499354e-08 1.323585942761758705e-08 -3.754107375416082334e-11 -2.188373987834044384e-11 -7.327436195289521163e-11 2.448605324019861330e-09 0.000000000000000000e+00 -1.447761290154595125e-10 0.000000000000000000e+00 0.000000000000000000e+00 6.330473740834625940e-02
3.264395967485591427e+03 3.510173547339375659e+02 0.000000000000000000e+00 4.734261963186496587e+02 1.393405575732742524e-11 -1.067576624513380821e-10 1.143723617416212696e-09 5.423915517711888062e-11 3.352953455717049654e-11 9.485269917289572239e-09 2.132316653150709469e-08 2.161030739259611975e-08 4.277151110883245800e-08 1.323174178784108462e-08 -3.754107375175465833e-11 -2.188373987426821429e-11 -7.327436192885792464e-11 2.448598954957799727e-09 0.000000000000000000e+00 -1.403407374002166916e-10 0.000000000000000000e+00 0.000000000000000000e+00 6.300050434624844542e-02
3.775535392362052335e+03 3.970199029728190681e+02 0.000000000000000000e+00 4.580458632508000960e+02 1.839057361809009963e-11 -1.654113172909949064e-10 8.783669654563747364e-10 5.144459120625330418e-11 3.181530863630464615e-11 9.470081818933346337e-09 2.127403625562327464e-08 2.156636939021063639e-08 4.276006447027832472e-08 1.322756636203108654e-08 -3.754107375095260333e-11 -2.188373987291080445e-11 -7.327436192084549133e-11 2.448592497333676446e-09 0.000000000000000000e+00 -1.388622735284690846e-10 0.000000000000000000e+00 0.000000000000000000e+00 6.282403385735942092e-02
4.286674817238513242e+03 4.430224512117005133e+02 0.000000000000000000e+00 4.426081428695480326e+02 -5.149369033547661552e-11 -1.849625355708805059e-10 6.713773799561856119e-10 4.876884473880886381e-11 3.017365821106395697e-11 9.454735133491245212e-09 2.122447568039266273e-08 2.152203211730099642e-08 4.274790917175169361e-08 1.322333960418609911e-08 -3.754107375068524951e-11 -2.188373987245833342e-11 -7.327436191817468023e-11 2.448585961467928688e-09 0.000000000000000000e+00 -1.383694522378865489e-10 0.000000000000000000e+00 0.000000000000000000e+00 6.264711172181740284e-02
5.613771645565674589e+03 5.624611657611450255e+02 0.000000000000000000e+00 4.020270710477539637e+02 -5.149369033547663490e-11 -1.849625355708805059e-10 3.087758040294813634e-10 4.269725608469498200e-11 2.644654376819932397e-11 9.413946138235926000e-09 2.109336831191692866e-08 2.140461250373546756e-08 4.271111071676653245e-08 1.321204307099953241e-08 -3.754107375068524951e-11 -2.188373987245833342e-11 -7.327436191817468023e-11 2.448568506649269321e-09 0.000000000000000000e+00 -1.383694522378865489e-10 0.000000000000000000e+00 0.000000000000000000e+00 6.238285728403141633e-02
5.945545852647464926e+03 5.923208443985062104e+02 0.000000000000000000e+00 3.918696955319751964e+02 -5.149369033547663490e-11 -1.849625355708805059e-10 2.709196918476635587e-10 4.122547662949807713e-11 2.554290236456156460e-11 9.403664616038393484e-09 2.106035665583961390e-08 2.137504179158337233e-08 4.270151772077032082e-08 1.320919216903173041e-08 -3.754107375068524951e-11 -2.188373987245833342e-11 -7.327436191817468023e-11 2.448564102118946114e-09 0.000000000000000000e+00 -1.383694522378865489e-10 0.000000000000000000e+00 0.000000000000000000e+00 6.235418030070459527e-02
6.277320059729255263e+03 6.221805230358673953e+02 0.000000000000000000e+00 3.816809010867485767e+02 -5.149369033547663490e-11 -1.849625355708805059e-10 2.303094730822616937e-10 3.979909464817583417e-11 2.466697678779594218e-11 9.393343753426246314e-09 2.102725103650320669e-08 2.134537931343358556e-08 4.269163351596684571e-08 1.320632698100508196e-08 -3.754107375068524951e-11 -2.188373987245833342e-11 -7.327436191817468023e-11 2.448559676270142831e-09 0.000000000000000000e+00 -1.383694522378865489e-10 0.000000000000000000e+00 0.000000000000000000e+00 6.231469046328418082e-02
7.688182400090180636e+03 7.491581336683507288e+02 0.000000000000000000e+00 3.377238173215407073e+02 -5.149369033547663490e-11 -1.849625355708805059e-10 8.909238251311710856e-11 3.442023570070520974e-11 2.136185433425630733e-11 9.348527396843552997e-09 2.088416470269298061e-08 2.121704219722939581e-08 4.264262811930405522e-08 1.319381934155838035e-08 -3.754107375068524951e-11 -2.188373987245833342e-11 -7.327436191817468023e-11 2.448540366162744809e-09 0.000000000000000000e+00 -1.383694522378865489e-10 0.000000000000000000e+00 0.000000000000000000e+00 6.218612840746123166e-02
9.099044740451106918e+03 8.761357443008339487e+02 0.000000000000000000e+00 2.928507017347229180e+02 -5.149369033547663490e-11 -1.849625355708805059e-10 1.972209782778932664e-11 2.964855250160192931e-11 1.842747711280602462e-11 9.302231662689339113e-09 2.073727362419752128e-08 2.108517678594369668e-08 4.258090084175696810e-08 1.318081996114456176e-08 -3.754107375068524951e-11 -2.188373987245833342e-11 -7.327436191817468023e-11 2.448520295516561791e-09 0.000000000000000000e+00 -1.383694522378865489e-10 0.000000000000000000e+00 0.000000000000000000e+00 6.217267292413048568e-02
1.050990708081203229e+04 1.003113354933317169e+03 0.000000000000000000e+00 2.468523939928912796e+02 -5.149369033547663490e-11 -1.849625355708805059e-10 3.845218368643441643e-12 2.541448493340884607e-11 1.582132083519935258e-11 9.254099010071626870e-09 2.058566603101425289e-08 2.094896750236399856e-08 4.249917756818165000e-08 1.316721408506060377e-08 -3.754107375068524951e-11 -2.188373987245833342e-11 -7.327436191817468023e-11 2.448499278748507653e-09 0.000000000000000000e+00 -1.383694522378865489e-10 0.000000000000000000e+00 0.000000000000000000e+00 6.223079610949472373e-02
1.192076942117295766e+04 1.130090965565800389e+03 0.000000000000000000e+00 1.995821053413803838e+02 -5.149369033547663490e-11 -1.849625355708805059e-10 6.374082525192969041e-13 2.166702029085100122e-11 1.351227338251751764e-11 9.203876179020723835e-09 2.042874160462056887e-08 2.080787015927503815e-08 4.238746969763688411e-08 1.315291464844849750e-08 -3.754107375068524951e-11 -2.188373987245833342e-11 -7.327436191817468023e-11 2.448477173189385325e-09 0.000000000000000000e+00 -1.383694522378865489e-10 0.000000000000000000e+00 0.000000000000000000e+00 6.231201877996292438e-02
1.333163176153388304e+04 1.257068576198283608e+03 0.000000000000000000e+00 1.507864162988764178e+02 -5.149369033547663490e-11 -1.849625355708805059e-10 8.371025268122396119e-14 1.835405384016952300e-11 1.146847491604055104e-11 9.151093276341213697e-09 2.026536484900416171e-08 2.066086805786817902e-08 4.222492258681043413e-08 1.313776648055655881e-08 -3.754107375068524951e-11 -2.188373987245833342e-11 -7.327436191817468023e-11 2.448453728828965399e-09 0.000000000000000000e+00 -1.383694522378865489e-10 0.000000000000000000e+00 0.000000000000000000e+00 6.243245825648683495e-02
1.474249410189480841e+04 1.384046186830766828e+03 0.000000000000000000e+00 1.013230439965705898e+02 -5.149369033547663490e-11 -1.849625355708805059e-10 9.399712199414435895e-15 1.549226999913586907e-11 9.700747757721987646e-12 9.097142454151045674e-09 2.009922970073803266e-08 2.051119683682822893e-08 4.203364304533667062e-08 1.312218088417515781e-08 -3.754107375068524951e-11 -2.188373987245833342e-11 -7.327436191817468023e-11 2.448429604661453783e-09 0.000000000000000000e+00 -1.383694522378865489e-10 0.000000000000000000e+00 0.000000000000000000e+00 6.228365790083462139e-02
1.515012662975013154e+04 1.420733114337745747e+03 0.000000000000000000e+00 8.697385233044830954e+01 -5.149369033547663490e-11 -1.849625355708805059e-10 9.399712199414435895e-15 1.471029693274475907e-11 9.217317697305342058e-12 9.081469647836249749e-09 2.005104126416861402e-08 2.046776820554915497e-08 4.197568286966115055e-08 1.311764504368805829e-08 -3.754107375068524951e-11 -2.188373987245833342e-11 -7.327436191817468023e-11 2.448422585207795986e-09 0.000000000000000000e+00 -1.383694522378865489e-10 0.000000000000000000e+00 0.000000000000000000e+00 6.224094775660661549e-02
1.555775915760545467e+04 1.457420041844724665e+03 0.000000000000000000e+00 7.258093916197815076e+01 -5.149369033547663490e-11 -1.849625355708805059e-10 9.359799403112771440e-15 1.396334917521660641e-11 8.755348635829023541e-12 9.065711519494056906e-09 2.000265274911256242e-08 2.042414214025892549e-08 4.191552077220997632e-08 1.311307583283865908e-08 -3.754107375068524951e-11 -2.188373987245833342e-11 -7.327436191817468023e-11 2.448415513464221409e-09 0.000000000000000000e+00 -1.383694522378865489e-10 0.000000000000000000e+00 0.000000000000000000e+00 6.218286778758791433e-02
1.581847123886472218e+04 1.480884129158058840e+03 0.000000000000000000e+00 6.331093642674392186e+01 -5.149369033547663490e-11 -1.849625355708805059e-10 9.334449845683545686e-15 1.349644723498114126e-11 8.466497880755207165e-12 9.055518576452130592e-09 1.997141939068188185e-08 2.039598001964700833e-08 4.187356505992910824e-08 1.311011536443938138e-08 -3.754107375068524951e-11 -2.188373987245833342e-11 -7.327436191817468023e-11 2.448410929873809909e-09 0.000000000000000000e+00 -1.383694522378865489e-10 0.000000000000000000e+00 0.000000000000000000e+00 6.221821139531873157e-02
1.607918332012398969e+04 1.504348216471393016e+03 0.000000000000000000e+00 5.385024948981707382e+01 -5.149369033547663490e-11 -1.849625355708805059e-10 9.309168463046098076e-15 1.303281878891291163e-11 8.179602634754887956e-12 9.044959673918043685e-09 1.993924577897253580e-08 2.036697902363520990e-08 4.181915571152060475e-08 1.310703864346463400e-08 -3.754107375068524951e-11 -2.188373987245833342e-11 -7.327436191817468023e-11 2.448406157237084076e-09 0.000000000000000000e+00 -1.383694522378865489e-10 0.000000000000000000e+00 0.000000000000000000e+00 6.244888204614622990e-02
1.633989540138325719e+04 1.527812303784727192e+03 0.000000000000000000e+00 4.431209367895699813e+01 -5.149369033547663490e-11 -1.849625355708805059e-10 9.283955552389906478e-15 1.257981522106049021e-11 7.899201066663610699e-12 9.034241859333373524e-09 1.990666957101939777e-08 2.033761317012163639e-08 4.175863476814244859e-08 1.310390929160037490e-08 -3.754107375068524951e-11 -2.188373987245833342e-11 -7.327436191817468023e-11 2.448401298947227324e-09 0.000000000000000000e+00 -1.383694522378865489e-10 0.000000000000000000e+00 0.000000000000000000e+00 6.249465140746955638e-02
1.636596660950918340e+04 1.530158712516060632e+03 0.000000000000000000e+00 4.335708414106598951e+01 -5.149369033547663490e-11 -1.849625355708805059e-10 9.281434946094759595e-15 1.253460012320388837e-11 7.871212804620223715e-12 9.033167680463983542e-09 1.990340585963167529e-08 2.033467111531985063e-08 4.175248288120487392e-08 1.310359557836951439e-08 -3.754107375068524951e-11 -2.188373987245833342e-11 -7.327436191817468023e-11 2.448400811850017598e-09 0.000000000000000000e+00 -1.383694522378865489e-10 0.000000000000000000e+00 0.000000000000000000e+00 6.250604799751369178e-02
1.639203781763511142e+04 1.532505121247394072e+03 0.000000000000000000e+00 4.240081672858134709e+01 -5.149369033547663490e-11 -1.849625355708805059e-10 9.278915024147514132e-15 1.248945254347497246e-11 7.843265891950814125e-12 9.032090615806907172e-09 1.990013463414661729e-08 2.033172231476840540e-08 4.174622149952491860e-08 1.310328093061122657e-08 -3.754107375068524951e-11 -2.188373987245833342e-11 -7.327436191817468023e-11 2.448400323201218048e-09 0.000000000000000000e+00 -1.383694522378865489e-10 0.000000000000000000e+00 0.000000000000000000e+00 6.251855583840193464e-02
1.643985711651073871e+04 1.536808858146200691e+03 0.000000000000000000e+00 4.064123482342814953e+01 -5.149369033547663490e-11 -1.849625355708805059e-10 9.274295334664270365e-15 1.240681708027744883e-11 7.792111289338658460e-12 9.030103426662479928e-09 1.989410471840121303e-08 2.032628695873805225e-08 4.173424217756558740e-08 1.310270006737211084e-08 -3.754107375068524951e-11 -2.188373987245833342e-11 -7.327436191817468023e-11 2.448399420786597316e-09 0.000000000000000000e+00 -1.383694522378865489e-10 0.000000000000000000e+00 0.000000000000000000e+00 6.255350354052478801e-02
1.648767641538636599e+04 1.541112595045007311e+03 0.000000000000000000e+00 3.887630117271211105e+01 -5.149369033547663490e-11 -1.849625355708805059e-10 9.269677945183468497e-15 1.232439843581595456e-11 7.741087824662537010e-12 9.028105827643149018e-09 1.988804852688119249e-08 2.032082811687267818e-08 4.172177673717449722e-08 1.310211585516103974e-08 -3.754107375068524951e-11 -2.188373987245833342e-11 -7.327436191817468023e-11 2.448398512929294831e-09 0.000000000000000000e+00 -1.383694522378865489e-10 0.000000000000000000e+00 0.000000000000000000e+00 6.258560178602040613e-02
1.649179355614465021e+04 1.541483137713252745e+03 0.000000000000000000e+00 3.872430809508583138e+01 -5.149369033547663490e-11 -1.849625355708805059e-10 9.269280414640496110e-15 1.231730404945816312e-11 7.736695834937706232e-12 9.027933767866754874e-09 1.988752692353657618e-08 2.032035796267567279e-08 4.172070013174374309e-08 1.310206553285070858e-08 -3.754107375068524951e-11 -2.188373987245833342e-11 -7.327436191817468023e-11 2.448398434727569823e-09 0.000000000000000000e+00 -1.383694522378865489e-10 0.000000000000000000e+00 0.000000000000000000e+00 6.258788763908065822e-02
1.649591069690293443e+04 1.541853680381498179e+03 0.000000000000000000e+00 3.857228832589209588e+01 -5.149369033547663490e-11 -1.849625355708805059e-10 9.268882901145642500e-15 1.231021138916424085e-11 7.732304910437976955e-12 9.027761636247229753e-09 1.988700512971383768e-08 2.031988763702934219e-08 4.171962089116978636e-08 1.310201518711270507e-08 -3.754107375068524951e-11 -2.188373987245833342e-11 -7.327436191817468023e-11 2.448398356486289039e-09 0.000000000000000000e+00 -1.383694522378865489e-10 0.000000000000000000e+00 0.000000000000000000e+00 6.258934752876546548e-02
1.650002783766121865e+04 1.542224223049743614e+03 0.000000000000000000e+00 3.842022726089683005e+01 -5.149369033547663490e-11 -1.849625355708805059e-10 9.268485404698172449e-15 1.230311918165977219e-11 7.727914277374679614e-12 9.027589391695796169e-09 1.988648303411836334e-08 2.031941704107653066e-08 4.171853754652201509e-08 1.310196480501233648e-08 -3.754107375068524951e-11 -2.188373987245833342e-11 -7.327436191817468023e-11 2.448398278183306785e-09 0.000000000000000000e+00 -1.383694522378865489e-10 0.000000000000000000e+00 0.000000000000000000e+00 6.259234902530794176e-02
1.650414497841950288e+04 1.542594765717989048e+03 0.000000000000000000e+00 3.826808712432822546e+01 -5.149369033547663490e-11 -1.849625355708805059e-10 9.268087925297357048e-15 1.229602417393589064e-11 7.723521958205367635e-12 9.027416929105166364e-09 1.988596035252888300e-08 2.031894592242202004e-08 4.171744628199217608e-08 1.310191435347621540e-08 -3.754107375068524951e-11 -2.188373987245833342e-11 -7.327436191817468023e-11 2.448398199762086507e-09 0.000000000000000000e+00 -1.383694522378865489e-10 0.000000000000000000e+00 0.000000000000000000e+00 6.259934307538247977e-02
1.650826211917778710e+04 1.542965308386234483e+03 0.000000000000000000e+00 3.811586458539630939e+01 -5.149369033547663490e-11 -1.849625355708805059e-10 9.267690462942461079e-15 1.228892608683015454e-11 7.719127783147926110e-12 9.027244239000418208e-09 1.988543705944439444e-08 2.031847425841671840e-08 4.171634670347221053e-08 1.310186382950710746e-08 -3.754107375068524951e-11 -2.188373987245833342e-11 -7.327436191817468023e-11 2.448398121217468252e-09 0.000000000000000000e+00 -1.383694522378865489e-10 0.000000000000000000e+00 0.000000000000000000e+00 6.260668099446398127e-02
1.651237925993607132e+04 1.543335851054479917e+03 0.000000000000000000e+00 3.796353200389871319e+01 -5.149369033547663490e-11 -1.849625355708805059e-10 9.267293017632755636e-15 1.228182269850739197e-11 7.714730398406773010e-12 9.027071248857331790e-09 1.988491296056941634e-08 2.031800187672705440e-08 4.171523595126772866e-08 1.310181321031096231e-08 -3.754107375068524951e-11 -2.188373987245833342e-11 -7.327436191817468023e-11 2.448398042510712671e-09 0.000000000000000000e+00 -1.383694522378865489e-10 0.000000000000000000e+00 0.000000000000000000e+00 6.261693592414571685e-02
1.651649640069435554e+04 1.543706393722725352e+03 0.000000000000000000e+00 3.781109412790953428e+01 -5.149369033547663490e-11 -1.849625355708805059e-10 9.266895589367510232e-15 1.227471625544070806e-11 7.710331132031703825e-12 9.026898026942797154e-09 1.988438825931451370e-08 2.031752896012085084e-08 4.171411484220622475e-08 1.310176251783535323e-08 -3.754107375068524951e-11 -2.188373987245833342e-11 -7.327436191817468023e-11 2.448397963682220919e-09 0.000000000000000000e+00 -1.383694522378865489e-10 0.000000000000000000e+00 0.000000000000000000e+00 6.262656545143152620e-02
1.652061354145263977e+04 1.544076936390970786e+03 0.000000000000000000e+00 3.765858412858153059e+01 -5.149369033547663490e-11 -1.849625355708805059e-10 9.266498178145992805e-15 1.226760970716788826e-11 7.705931775337050126e-12 9.026724668259037048e-09 1.988386321343148811e-08 2.031705573758112349e-08 4.171298675901781975e-08 1.310171178200209793e-08 -3.754107375068524951e-11 -2.188373987245833342e-11 -7.327436191817468023e-11 2.448397884783313350e-09 0.000000000000000000e+00 -1.383694522378865489e-10 0.000000000000000000e+00 0.000000000000000000e+00 6.263267542755193706e-02
1.652143696960429588e+04 1.544151044924619782e+03 0.000000000000000000e+00 3.762808055543001728e+01 -5.149369033547663490e-11 -1.849625355708805059e-10 9.266418696583292594e-15 1.226618846391818317e-11 7.705051944188380967e-12 9.026689993427751400e-09 1.988375819646020986e-08 2.031696108610597800e-08 4.171276098868393524e-08 1.310170163383829421e-08 -3.754107375068524951e-11 -2.188373987245833342e-11 -7.327436191817468023e-11 2.448397869001910396e-09 0.000000000000000000e+00 -1.383694522378865489e-10 0.000000000000000000e+00 0.000000000000000000e+00 6.263321693544400548e-02
1.652226039775595200e+04 1.544225153458268778e+03 0.000000000000000000e+00 3.748176661680074062e+01 -5.149369033547663490e-11 -1.849625355708805059e-10 9.266339215702324400e-15 1.224910783542550419e-11 7.690340149765099095e-12 9.021529146360647779e-09 1.987221461715691683e-08 2.030532700065495220e-08 4.169539785137225862e-08 1.309751090963273709e-08 -3.754107375068524951e-11 -2.188373987245833342e-11 -7.327436191817468023e-11 2.448274450272675991e-09 0.000000000000000000e+00 -1.383694522378865489e-10 0.000000000000000000e+00 0.000000000000000000e+00 6.260758049663410485e-02
1.652308382590760812e+04 1.544299261991917774e+03 0.000000000000000000e+00 3.733432757419668491e+01 -5.149369033547663490e-11 -1.849625355708805059e-10 9.266259735503092955e-15 1.223192705491357267e-11 7.675539808964972284e-12 9.016286120447262532e-09 1.986049745242093042e-08 2.029351821280941941e-08 4.167773996325420285e-08 1.309323440632793048e-08 -3.754107375068524951e-11 -2.188373987245833342e-11 -7.327436191817468023e-11 2.448146842586509873e-09 0.000000000000000000e+00 -1.383694522378865489e-10 0.000000000000000000e+00 0.000000000000000000e+00 6.258148874786691185e-02
1.652890592534503958e+04 1.544823250941286460e+03 0.000000000000000000e+00 3.626092481126816125e+01 -5.149369033547663490e-11 -1.849625355708805059e-10 9.265697799943196758e-15 1.210868442401813478e-11 7.569523435647425021e-12 8.977191724039843721e-09 1.977341771209182570e-08 2.020576797430192489e-08 4.154417045881287179e-08 1.306080111078062813e-08 -3.754107375068524951e-11 -2.188373987245833342e-11 -7.327436191817468023e-11 2.447131417901098807e-09 0.000000000000000000e+00 -1.383694522378865489e-10 0.000000000000000000e+00 0.000000000000000000e+00 6.238444604869066573e-02
1.653472802478247104e+04 1.545347239890655146e+03 0.000000000000000000e+00 3.516708390260982497e+01 -5.149369033547663490e-11 -1.849625355708805059e-10 9.265135898460865777e-15 1.198498160851449014e-11 7.463358188710492777e-12 8.936872620260387835e-09 1.968378764796650426e-08 2.011544638881998415e-08 4.140651752035039489e-08 1.302695430827053237e-08 -3.754107375068524951e-11 -2.188373987245833342e-11 -7.327436191817468023e-11 2.446036895014429220e-09 0.000000000000000000e+00 -1.383694522378865489e-10 0.000000000000000000e+00 0.000000000000000000e+00 6.215568544482052982e-02
1.654578980756552846e+04 1.546342800341130214e+03 0.000000000000000000e+00 3.304767850837455967e+01 -5.149369033547663490e-11 -1.849625355708805059e-10 9.264068387547831568e-15 1.175037954345595688e-11 7.262773272112168728e-12 8.858300664154570408e-09 1.950947902035800346e-08 1.993980389884676521e-08 4.113441751398945919e-08 1.296021552144044947e-08 -3.754107375068524951e-11 -2.188373987245833342e-11 -7.327436191817468023e-11 2.443810460468587935e-09 0.000000000000000000e+00 -1.383694522378865489e-10 0.000000000000000000e+00 0.000000000000000000e+00 6.173489218764079828e-02
1.655685159034858589e+04 1.547338360791605282e+03 0.000000000000000000e+00 3.087835372651537114e+01 -5.149369033547663490e-11 -1.849625355708805059e-10 9.263000985962072537e-15 1.151749107987913236e-11 7.064684833005929862e-12 8.777740644439587829e-09 1.933116537212407884e-08 1.976012968705513915e-08 4.085212590930558955e-08 1.289082463988572577e-08 -3.754107375068524951e-11 -2.188373987245833342e-11 -7.327436191817468023e-11 2.441409898528951220e-09 0.000000000000000000e+00 -1.383694522378865489e-10 0.000000000000000000e+00 0.000000000000000000e+00 6.128368340937594139e-02
1.658302828028866497e+04 1.549694262886212528e+03 0.000000000000000000e+00 2.554374885328435596e+01 -5.149369033547663490e-11 -1.849625355708805059e-10 9.260475564840426222e-15 1.098095180973691485e-11 6.613172439771638270e-12 8.582395980087020577e-09 1.890018269208253241e-08 1.932583632286337097e-08 4.015810616652433688e-08 1.271869997194842931e-08 -3.754107375068524951e-11 -2.188373987245833342e-11 -7.327436191817468023e-11 2.435098087055453708e-09 0.000000000000000000e+00 -1.383694522378865489e-10 0.000000000000000000e+00 0.000000000000000000e+00 6.016970010495133886e-02
1.663652786765216661e+04 1.554509225748927747e+03 0.000000000000000000e+00 1.349630308470975493e+01 -5.149369033547663490e-11 -1.849625355708805059e-10 9.255316273923641661e-15 9.996228481174456599e-12 5.804553754036742852e-12 8.196516094315452847e-09 1.805539928264205336e-08 1.847587948573190448e-08 3.828642920890499040e-08 1.236735808805435638e-08 -3.754107375068524951e-11 -2.188373987245833342e-11 -7.327436191817468023e-11 2.421218776506821633e-09 0.000000000000000000e+00 -1.383694522378865489e-10 0.000000000000000000e+00 0.000000000000000000e+00 5.817875089320736354e-02
1.665679648622102832e+04 1.556333401420125256e+03 0.000000000000000000e+00 8.487993085820306760e+00 -5.149369033547663490e-11 -1.849625355708805059e-10 9.253362392715054637e-15 9.666020866627276370e-12 5.540340722867779416e-12 8.057063234271236847e-09 1.775216153841013102e-08 1.817114341871257952e-08 3.744940553299282856e-08 1.223646067731196687e-08 -3.754107375068524951e-11 -2.188373987245833342e-11 -7.327436191817468023e-11 2.415706337670294977e-09 0.000000000000000000e+00 -1.383694522378865489e-10 0.000000000000000000e+00 0.000000000000000000e+00 5.734159857334281823e-02
1.667706510478989003e+04 1.558157577091322764e+03 0.000000000000000000e+00 3.116993927158034250e+00 -5.149369033547663490e-11 -1.849625355708805059e-10 9.251408923432375197e-15 9.370968129954913381e-12 5.307052857153925366e-12 7.927868518585607869e-09 1.747197893544826013e-08 1.788965171653203821e-08 3.662513725873829659e-08 1.211324062838933950e-08 -3.754107375068524951e-11 -2.188373987245833342e-11 -7.327436191817468023e-11 2.410323860516870667e-09 0.000000000000000000e+00 -1.383694522378865489e-10 0.000000000000000000e+00 0.000000000000000000e+00 5.640744056341790574e-02
