0.000000000000000000e+00 6.227870680651883362e+01 0.000000000000000000e+00 7.870018621256123197e+02 3.377960874270495678e-07 7.381707795208680236e-09 2.491580467538185197e-09 3.108736086513248031e-11 2.176712393670223973e-11 3.484164115880745438e-09 7.916401953865794970e-09 8.011467022982076484e-09 1.431748499769446649e-08 4.602138880531986701e-09 4.215618278777707986e-12 2.257156690554226030e-12 5.808289007199764614e-12 8.174699427550113798e-10 0.000000000000000000e+00 1.407976323143764311e-09 0.000000000000000000e+00 0.000000000000000000e+00 2.163364054099978784e-01
4.783576861964863175e-02 6.228301202569460315e+01 0.000000000000000000e+00 7.869933302680651650e+02 3.377420756170168244e-07 7.380786998125736926e-09 2.491438229480081422e-09 3.108670483823775864e-11 2.176649515838652314e-11 3.484145158733393084e-09 7.916354795171642691e-09 8.011419540123549814e-09 1.431748085903572100e-08 4.602127528699714333e-09 4.204239409935146303e-12 2.253788870118628268e-12 5.803418908395708426e-12 8.174697596215626331e-10 0.000000000000000000e+00 1.407898441148445720e-09 0.000000000000000000e+00 0.000000000000000000e+00 2.165929942502271832e-01
1.605346506829112840e+01 6.372351866266503606e+01 0.000000000000000000e+00 7.841704832804507532e+02 3.202618202830814499e-07 7.079633026165158771e-09 2.443901346273953996e-09 3.086497224100912511e-11 2.155455180066839092e-11 3.477711568266265979e-09 7.900350811186106284e-09 7.995305413230328264e-09 1.431606908385151817e-08 4.598273805755209672e-09 6.701769170276794215e-13 1.399909924609697571e-12 4.488517376455861347e-12 8.174076891025633407e-10 0.000000000000000000e+00 1.379729697662710870e-09 0.000000000000000000e+00 0.000000000000000000e+00 2.066154761072436508e-01
5.461499559368009216e+01 6.719405640995003637e+01 0.000000000000000000e+00 7.774979474677871849e+02 2.804053579724719092e-07 6.381438439416495545e-09 2.329750670940881169e-09 3.032263454096316390e-11 2.103855558375188414e-11 3.461885548783155439e-09 7.860980375387577126e-09 7.955663758572620038e-09 1.431256744632510201e-08 4.588793718250612120e-09 -2.167967424719231381e-12 1.111984298747972611e-13 2.105339463954782583e-12 8.172556231281108290e-10 0.000000000000000000e+00 1.305469947102585278e-09 0.000000000000000000e+00 0.000000000000000000e+00 1.838443884092959280e-01
9.317652611906905236e+01 7.066459415723504378e+01 0.000000000000000000e+00 7.710065947931954042e+02 2.435414850581365919e-07 5.720533685381831606e-09 2.216339863509105730e-09 2.977035061472340112e-11 2.051650654539956577e-11 3.445676079937801754e-09 7.820644591847753124e-09 7.915050179177234729e-09 1.430894330064740721e-08 4.579092227900824842e-09 -3.114015538634867912e-12 -3.183720683701695762e-13 7.948554402574335314e-13 8.171012858068351099e-10 0.000000000000000000e+00 1.223743801740996945e-09 0.000000000000000000e+00 0.000000000000000000e+00 1.627494283902246042e-01
1.317380566444580268e+02 7.413513190452005119e+01 0.000000000000000000e+00 7.647239659514400500e+02 2.098721741682335918e-07 5.101137580828315504e-09 2.104125730809637410e-09 2.920900264007012927e-11 1.998987884495974274e-11 3.429143728864237467e-09 7.779480464245730815e-09 7.873603681749979621e-09 1.430520308496024505e-08 4.569219967754049682e-09 -3.429364909940079819e-12 -5.600915494911083045e-13 8.422759037687788375e-14 8.169462795968004571e-10 0.000000000000000000e+00 1.134485109409585580e-09 0.000000000000000000e+00 0.000000000000000000e+00 1.434520324436814598e-01
1.977491475228116826e+02 8.007613008357188278e+01 0.000000000000000000e+00 7.545149284131080094e+02 1.595013420040343549e-07 4.143348320811124343e-09 1.917117218933638993e-09 2.823817836652454933e-11 1.908990955886590268e-11 3.400661500048891527e-09 7.708439586072318089e-09 7.802085331775160583e-09 1.429862459192552009e-08 4.552336161852759124e-09 -3.737397032583535823e-12 -7.361707554590851936e-13 -6.598617400298928979e-13 8.166892690036890292e-10 0.000000000000000000e+00 9.726235387935810121e-10 0.000000000000000000e+00 0.000000000000000000e+00 1.145255057266563320e-01
3.216218847225985655e+02 9.122467643155270878e+01 0.000000000000000000e+00 7.377036092018945510e+02 8.834915454657139063e-08 2.711397834046759479e-09 1.602818989045255214e-09 2.652975783987780236e-11 1.754603802730062505e-11 3.353767140048779015e-09 7.590447552872146479e-09 7.683404329996669165e-09 1.428731525689566004e-08 4.525574251172209461e-09 -4.098967043795891522e-12 -9.428536167455871226e-13 -1.354998552819995380e-12 8.163280523928584719e-10 0.000000000000000000e+00 6.508307536202934144e-10 0.000000000000000000e+00 0.000000000000000000e+00 7.348849286808091519e-02
3.525900690225453218e+02 9.401181301854791172e+01 0.000000000000000000e+00 7.339813658007215054e+02 7.508870522885954765e-08 2.428457593099697967e-09 1.532531825136187061e-09 2.613194588063251915e-11 1.719501468826193607e-11 3.343587516544221531e-09 7.564598100325513283e-09 7.657430158544282047e-09 1.428475119134543950e-08 4.519997455926792224e-09 -4.106499752362815346e-12 -9.471595096890557950e-13 -1.369480569753122355e-12 8.162627635505917392e-10 0.000000000000000000e+00 5.750099317248640632e-10 0.000000000000000000e+00 0.000000000000000000e+00 6.581156467463920856e-02
3.835582533224920780e+02 9.679894960554311467e+01 0.000000000000000000e+00 7.305170748677404617e+02 6.340460230019357508e-08 2.177135572637247116e-09 1.468309371698657528e-09 2.576830063651586543e-11 1.687833070669193643e-11 3.334927474230254883e-09 7.542433954857243431e-09 7.635183116535595889e-09 1.428251050656104513e-08 4.515411398580287430e-09 -4.109010655218457160e-12 -9.485948073368786185e-13 -1.374307908730831414e-12 8.162143320254146700e-10 0.000000000000000000e+00 5.014407170053611089e-10 0.000000000000000000e+00 0.000000000000000000e+00 5.904155972659667906e-02
4.467644560602395813e+02 1.024875078519403928e+02 0.000000000000000000e+00 7.245913762892321301e+02 4.410796404079600062e-08 1.776016593852278075e-09 1.367852358622159003e-09 2.522204821922258946e-11 1.641497809826852287e-11 3.324054077187022495e-09 7.514139255352709769e-09 7.606875279059092149e-09 1.427957081729023208e-08 4.509997033860368107e-09 -4.112497210613398227e-12 -9.505878134566176581e-13 -1.381010989544224366e-12 8.161639859475978136e-10 0.000000000000000000e+00 3.621758111668827859e-10 0.000000000000000000e+00 0.000000000000000000e+00 4.786946885444390287e-02
5.085323015894908281e+02 1.080466139495730005e+02 0.000000000000000000e+00 7.204684721836003973e+02 3.046749072601533322e-08 1.514999578610108921e-09 1.306728699711426560e-09 2.491560836385141335e-11 1.616890935593018024e-11 3.319915666593502520e-09 7.502936937650279485e-09 7.595774923419046547e-09 1.427833468078463542e-08 4.508214790684955719e-09 -4.113890486863301787e-12 -9.513842465483089542e-13 -1.383689634292573173e-12 8.161521803001211971e-10 0.000000000000000000e+00 2.425776514950663286e-10 0.000000000000000000e+00 0.000000000000000000e+00 3.999082381800627556e-02
5.703001471187420748e+02 1.136057200472056081e+02 0.000000000000000000e+00 7.174053961620147675e+02 2.018736843560138606e-08 1.325788592467493162e-09 1.266043146126014657e-09 2.473088872829783331e-11 1.603208426511825536e-11 3.318669765681516759e-09 7.499211550755869657e-09 7.592189504098734805e-09 1.427786618896214250e-08 4.507872669382104529e-09 -4.114160172949312643e-12 -9.515384061582807874e-13 -1.384208119566435686e-12 8.161531685957130274e-10 0.000000000000000000e+00 1.426938391756058946e-10 0.000000000000000000e+00 0.000000000000000000e+00 3.406240334202640524e-02
6.320679926479932647e+02 1.191648261448382158e+02 0.000000000000000000e+00 7.150557215426539415e+02 1.229882100635742795e-08 1.165779414902715557e-09 1.233026232472167802e-09 2.459043495581774208e-11 1.593526900537835868e-11 3.318233861545147180e-09 7.497652767647103968e-09 7.590780579118637218e-09 1.427763224586904341e-08 4.507866865839696744e-09 -4.114078468413155636e-12 -9.514917017115917733e-13 -1.384051038422829972e-12 8.161557511092096952e-10 0.000000000000000000e+00 7.178648081662723761e-11 0.000000000000000000e+00 0.000000000000000000e+00 2.950741141039176299e-02
6.938358381772444545e+02 1.247239322424708234e+02 0.000000000000000000e+00 7.131896587097776319e+02 6.490960834766180223e-09 1.011560485222139104e-09 1.200261027946996229e-09 2.445287635331879545e-11 1.584352718635737240e-11 3.317814388314095541e-09 7.496167663359707479e-09 7.589461288085957962e-09 1.427741119781380444e-08 4.507824856529871440e-09 -4.113977440783599202e-12 -9.514339516800674118e-13 -1.383856807645287991e-12 8.161570567384266750e-10 0.000000000000000000e+00 3.643229180798571339e-11 0.000000000000000000e+00 0.000000000000000000e+00 2.613736440767101127e-02
7.556036837064956444e+02 1.302830383401034453e+02 0.000000000000000000e+00 7.116598061063576779e+02 2.743507015060166440e-09 8.555195255558472898e-10 1.164244711886157908e-09 2.430012301896564492e-11 1.574296587321659452e-11 3.317236476522407437e-09 7.494245404952338214e-09 7.587737581967504585e-09 1.427714080491579172e-08 4.507694570884353332e-09 -4.113928005844091690e-12 -9.514056933775863854e-13 -1.383761766449325731e-12 8.161572582156957291e-10 0.000000000000000000e+00 2.682641850411903941e-11 0.000000000000000000e+00 0.000000000000000000e+00 2.392907774293103612e-02
8.173715292357468343e+02 1.358421444377360672e+02 0.000000000000000000e+00 7.103550002995265231e+02 9.282793886178512955e-10 7.012471789095367771e-10 1.124089891020423775e-09 2.412689318243651750e-11 1.562996393533660041e-11 3.316516228614696224e-09 7.491892977216827894e-09 7.585627118233386216e-09 1.427681586853938012e-08 4.507505019507821356e-09 -4.113914915906142551e-12 -9.513982108271937612e-13 -1.383736600375084781e-12 8.161569748238838070e-10 0.000000000000000000e+00 2.714162440322961375e-11 0.000000000000000000e+00 0.000000000000000000e+00 2.280379310236472362e-02
8.328134906180596317e+02 1.372319209621442155e+02 0.000000000000000000e+00 7.100481121527069490e+02 7.055252848014621040e-10 6.643187499394580843e-10 1.113514128852635564e-09 2.408063753677753454e-11 1.559989270841303997e-11 3.316319755622550423e-09 7.491251876185053205e-09 7.585052797731528355e-09 1.427672739533704741e-08 4.507452601210349473e-09 -4.113914881239016812e-12 -9.513981910105596986e-13 -1.383736533725765645e-12 8.161568934467283366e-10 0.000000000000000000e+00 2.143287746295391253e-11 0.000000000000000000e+00 0.000000000000000000e+00 2.264887149388102386e-02
8.482554520003724292e+02 1.386216974865523639e+02 0.000000000000000000e+00 7.097456882435377565e+02 5.362759284293554481e-10 6.287138845397278913e-10 1.102862333232369847e-09 2.403374633911517492e-11 1.556944522673615813e-11 3.316120356432132071e-09 7.490600640647093592e-09 7.584469934242237822e-09 1.427663739908871459e-08 4.507399436321615863e-09 -4.113914967236019592e-12 -9.513982401686924181e-13 -1.383736699059395510e-12 8.161568119358306858e-10 0.000000000000000000e+00 1.791522101564772904e-11 0.000000000000000000e+00 0.000000000000000000e+00 2.252595856378503472e-02
8.636974133826852267e+02 1.400114740109605123e+02 0.000000000000000000e+00 7.094462558146809670e+02 4.013952875065259655e-10 5.946555818015048163e-10 1.092200831627168271e-09 2.398648100896929100e-11 1.553878108270687768e-11 3.315919204899227415e-09 7.489943243066777752e-09 7.583881938022394824e-09 1.427654642262746318e-08 4.507345834859880472e-09 -4.113915028264498034e-12 -9.513982750541649608e-13 -1.383736816389763412e-12 8.161567301558511817e-10 0.000000000000000000e+00 1.104442333596621268e-11 0.000000000000000000e+00 0.000000000000000000e+00 2.242122398644112377e-02
8.916941286551774510e+02 1.425311783854848215e+02 0.000000000000000000e+00 7.089104943948073014e+02 2.378975941035777672e-10 5.365475015071603016e-10 1.072852681859402361e-09 2.389984613011313656e-11 1.548263796902350981e-11 3.315549845392368806e-09 7.488735089025765056e-09 7.582802273208128494e-09 1.427637896112679928e-08 4.507247438762609657e-09 -4.113915095132836058e-12 -9.513983132778533047e-13 -1.383736944947558377e-12 8.161565799505425277e-10 0.000000000000000000e+00 8.623934447152960384e-12 0.000000000000000000e+00 0.000000000000000000e+00 2.228395043342275630e-02
9.196908439276696754e+02 1.450508827600091308e+02 0.000000000000000000e+00 7.083792730214222502e+02 1.209738642508433265e-10 4.835890307969769426e-10 1.053668460285108588e-09 2.381275220806819241e-11 1.542623518201202051e-11 3.315177445331548273e-09 7.487516437956244817e-09 7.581713761020588748e-09 1.427620975182228032e-08 4.507148246979148348e-09 -4.113915117422282335e-12 -9.513983260190826853e-13 -1.383736987800156699e-12 8.161564284866856028e-10 0.000000000000000000e+00 4.052341340291304460e-12 0.000000000000000000e+00 0.000000000000000000e+00 2.217456825077945490e-02
9.476875592001618998e+02 1.475705871345334401e+02 0.000000000000000000e+00 7.078533746420923762e+02 6.324386368617528881e-11 4.352191617727588985e-10 1.034605029379912528e-09 2.372501705220667809e-11 1.536946254239505905e-11 3.314801160499916495e-09 7.486284400685699308e-09 7.580613960543500889e-09 1.427603832196686367e-08 4.507048030395512455e-09 -4.113915124852097760e-12 -9.513983302661591455e-13 -1.383737002084356207e-12 8.161562753873186921e-10 0.000000000000000000e+00 2.528476971337419152e-12 0.000000000000000000e+00 0.000000000000000000e+00 2.210278027944398774e-02
1.004402720794952756e+03 1.526749516780646161e+02 0.000000000000000000e+00 7.067945563854891589e+02 3.760339243142674823e-12 3.503516178141825357e-10 9.967244373115355986e-10 2.354690628864612837e-11 1.525425885356180439e-11 3.314033157397055340e-09 7.483769288437194887e-09 7.578369490752412340e-09 1.427568717672370282e-08 4.506843473439698714e-09 -4.113915135015543162e-12 -9.513983360758498589e-13 -1.383737021624098628e-12 8.161559628101548422e-10 0.000000000000000000e+00 4.439417078593511696e-13 0.000000000000000000e+00 0.000000000000000000e+00 2.199798613026242300e-02
1.061117882389743727e+03 1.577793162215957921e+02 0.000000000000000000e+00 7.057416531845655072e+02 -1.606750223786820082e-11 2.813129230100954774e-10 9.599524983145081942e-10 2.336887522469643295e-11 1.513914647413306762e-11 3.313259870212104652e-09 7.481236567744593552e-09 7.576109805405201527e-09 1.427533256632508245e-08 4.506637484334006206e-09 -4.113915138403358296e-12 -9.513983380124133627e-13 -1.383737028137346034e-12 8.161556479927281234e-10 0.000000000000000000e+00 2.235408915277384763e-12 0.000000000000000000e+00 0.000000000000000000e+00 2.192595547356839328e-02
1.117833043984534697e+03 1.628836807651269680e+02 0.000000000000000000e+00 7.046921200149563447e+02 -2.555433660079154803e-11 2.251474651857194923e-10 9.243797900474252238e-10 2.319144454731465001e-11 1.502443920030653877e-11 3.312483435055395686e-09 7.478693563492385588e-09 7.573841084502362096e-09 1.427497592626088278e-08 4.506430624139355290e-09 -4.113915139532630277e-12 -9.513983386579345307e-13 -1.383737030308428368e-12 8.161553318330713036e-10 0.000000000000000000e+00 -1.141564569405541288e-12 0.000000000000000000e+00 0.000000000000000000e+00 2.186421952220105047e-02
1.203396798600313105e+03 1.705844186805470315e+02 0.000000000000000000e+00 7.031134457392271315e+02 -3.164772878163413088e-11 1.589209555228472887e-10 8.729348734197224215e-10 2.292514726859530163e-11 1.485230198318999680e-11 3.311307023180026563e-09 7.474840722991878475e-09 7.570403965696929878e-09 1.427443442752608640e-08 4.506117132841594928e-09 -4.113915140389388251e-12 -9.513983391476801813e-13 -1.383737031955590739e-12 8.161548526806010059e-10 0.000000000000000000e+00 -2.178761777341875251e-12 0.000000000000000000e+00 0.000000000000000000e+00 2.178992107025115241e-02
1.496560208326895463e+03 1.969691255559394278e+02 0.000000000000000000e+00 6.977267335795773988e+02 -5.549165325950722298e-11 1.198541102583801646e-11 7.156516110371867167e-10 2.203009981078832208e-11 1.427379929988851199e-11 3.307252241184725896e-09 7.461565045285014658e-09 7.558559932809801746e-09 1.427255921865596677e-08 4.505035917961905561e-09 -4.113915143741952081e-12 -9.513983410640934766e-13 -1.383737038401066688e-12 8.161532001374745287e-10 0.000000000000000000e+00 -6.237396304830151897e-12 0.000000000000000000e+00 0.000000000000000000e+00 2.158813343882442018e-02
1.789723618053477821e+03 2.233538324313318526e+02 0.000000000000000000e+00 6.923706939792546109e+02 -6.343962808546491604e-11 -3.699310380649839040e-11 5.851372961991558281e-10 2.116232448132622522e-11 1.371301755057298157e-11 3.303164474900680606e-09 7.448187685606945044e-09 7.546623837816018072e-09 1.427065560778987112e-08 4.503944824385258753e-09 -4.113915144859473089e-12 -9.513983417028978410e-13 -1.383737040549558671e-12 8.161515325144989993e-10 0.000000000000000000e+00 -7.590274480659576907e-12 0.000000000000000000e+00 0.000000000000000000e+00 2.146604637759559273e-02
2.082887027780060180e+03 2.497385393067242774e+02 0.000000000000000000e+00 6.870323664312752499e+02 -6.608895302745081373e-11 -5.331927541727719700e-11 4.776444913776825048e-10 2.032399180535275476e-11 1.317129555290658472e-11 3.299057137265303318e-09 7.434753729944015242e-09 7.534634901306040821e-09 1.426873011635857550e-08 4.502847374005830241e-09 -4.113915145231979822e-12 -9.513983419158326291e-13 -1.383737041265722800e-12 8.161498552395782797e-10 0.000000000000000000e+00 -8.041233872602718577e-12 0.000000000000000000e+00 0.000000000000000000e+00 2.137851062048489945e-02
2.376050437506642538e+03 2.761232461821167021e+02 0.000000000000000000e+00 6.817043061138617759e+02 -6.697206134144611727e-11 -5.876133262087012822e-11 3.888651167116481108e-10 1.951529769324915339e-11 1.264873275729844066e-11 3.294935017799607694e-09 7.421279952017197201e-09 7.522607732582327963e-09 1.426678145312243670e-08 4.501744794224953444e-09 -4.113915145356148195e-12 -9.513983419868108245e-13 -1.383737041504444177e-12 8.161481701754022376e-10 0.000000000000000000e+00 -8.191553669917100211e-12 0.000000000000000000e+00 0.000000000000000000e+00 2.130983068353494575e-02
2.862609596705956392e+03 3.199135705100549671e+02 0.000000000000000000e+00 6.728731124598418774e+02 -6.778291876079390305e-11 -6.375815168611552530e-11 2.727323281747655802e-10 1.823682351019741619e-11 1.182259138114853366e-11 3.288068393363839835e-09 7.398855446617615488e-09 7.502584396125258654e-09 1.426349555371218149e-08 4.499905429162424762e-09 -4.113915145470157755e-12 -9.513983420519819939e-13 -1.383737041723634518e-12 8.161453591490931889e-10 0.000000000000000000e+00 -8.329575157197392782e-12 0.000000000000000000e+00 0.000000000000000000e+00 2.121592351966752540e-02
3.629573422613924777e+03 3.889403148417720786e+02 0.000000000000000000e+00 6.589634356944252431e+02 -6.845450485808659638e-11 -6.789672664989288183e-11 1.433138636239306080e-10 1.637498202069364939e-11 1.061939677831912797e-11 3.277194824039024391e-09 7.363398046085052416e-09 7.470906667726959019e-09 1.425818580673231616e-08 4.496985764725469356e-09 -4.113915145564585592e-12 -9.513983421059593659e-13 -1.383737041905177237e-12 8.161408972421561739e-10 0.000000000000000000e+00 -8.443890337367614825e-12 0.000000000000000000e+00 0.000000000000000000e+00 2.110046879081437302e-02
4.396537248521893162e+03 4.579670591734892469e+02 0.000000000000000000e+00 6.450617367176050720e+02 -6.867836689051749846e-11 -6.927625163781865873e-11 6.909299893030566157e-11 1.469014846627839734e-11 9.530463814866372229e-12 3.266269311957763794e-09 7.327835419279437661e-09 7.439113622887117554e-09 1.425272389007046104e-08 4.494043586274970358e-09 -4.113915145596062076e-12 -9.513983421239517559e-13 -1.383737041965691476e-12 8.161364010998076858e-10 0.000000000000000000e+00 -8.481995397424356045e-12 0.000000000000000000e+00 0.000000000000000000e+00 2.101674698403561622e-02
5.769290646299985383e+03 5.815148649735175468e+02 0.000000000000000000e+00 6.201462024045576982e+02 -6.891742004600225692e-11 -7.074939023953996173e-11 1.180579789044966026e-11 1.206332112756270589e-11 7.832303050553422808e-12 3.246605286914780229e-09 7.263999006656321802e-09 7.381989084566887012e-09 1.424251870605514174e-08 4.488725968219061638e-09 -4.113915145629673559e-12 -9.513983421431651259e-13 -1.383737042030312134e-12 8.161282748221735613e-10 0.000000000000000000e+00 -8.522686240563699433e-12 0.000000000000000000e+00 0.000000000000000000e+00 2.091259510551465167e-02
7.142044044078077604e+03 7.050626707735458467e+02 0.000000000000000000e+00 5.951396931447375209e+02 -6.899710443116383876e-11 -7.124043644011373370e-11 -7.289935789502331559e-12 9.881501076195591495e-12 6.421249571622466144e-12 3.226822345458919217e-09 7.200003256770137639e-09 7.324650457576455429e-09 1.423171324739379384e-08 4.483346979196433347e-09 -4.113915145640876848e-12 -9.513983421495695153e-13 -1.383737042051852354e-12 8.161200542346928150e-10 0.000000000000000000e+00 -8.536249854943480562e-12 0.000000000000000000e+00 0.000000000000000000e+00 2.083235018748815295e-02
8.514797441856169826e+03 8.286104765735741466e+02 0.000000000000000000e+00 5.700248327509722230e+02 -6.902366589288435742e-11 -7.140411850697164908e-11 -2.149569455453398481e-11 8.067443291745474286e-12 5.247485640562667111e-12 3.206947235244942823e-09 7.135936988605219737e-09 7.267175316306422630e-09 1.422030579358934941e-08 4.477913160346725898e-09 -4.113915145644611277e-12 -9.513983421517043117e-13 -1.383737042059032427e-12 8.161117493827454470e-10 0.000000000000000000e+00 -8.540771059736740938e-12 0.000000000000000000e+00 0.000000000000000000e+00 2.075283669621489149e-02
1.216857019583798501e+04 1.157450024431937436e+03 0.000000000000000000e+00 5.021692894188842047e+02 -6.902366589288435742e-11 -7.140411850697164908e-11 -2.149569455453398481e-11 4.770291031113695188e-12 3.115306974786109038e-12 3.153178236066702504e-09 6.964610346995281842e-09 7.112852907525336828e-09 1.418377056501395377e-08 4.462947923889421871e-09 -4.113915145644611277e-12 -9.513983421517043117e-13 -1.383737042059032427e-12 8.160888687598916043e-10 0.000000000000000000e+00 -8.540771059736740938e-12 0.000000000000000000e+00 0.000000000000000000e+00 2.056439380663537334e-02
1.582234294981980020e+04 1.486289572290300839e+03 0.000000000000000000e+00 4.329638552141287846e+02 -6.902366589288435742e-11 -7.140411850697164908e-11 -2.149569455453398481e-11 2.541549698104461947e-12 1.674375160475314109e-12 3.098072145947757258e-09 6.791040977334448086e-09 6.955986113774230671e-09 1.413756733832957261e-08 4.447357081673687529e-09 -4.113915145644611277e-12 -9.513983421517043117e-13 -1.383737042059032427e-12 8.160650066083221468e-10 0.000000000000000000e+00 -8.540771059736740938e-12 0.000000000000000000e+00 0.000000000000000000e+00 2.039466262763491716e-02
1.947611570380161356e+04 1.815129120148664242e+03 0.000000000000000000e+00 3.624791976498993336e+02 -6.902366589288435742e-11 -7.140411850697164908e-11 -2.149569455453398481e-11 1.160830326054463226e-12 7.806257140481626503e-13 3.041732750827469348e-09 6.615639889673773867e-09 6.796912102341240115e-09 1.407960097178074288e-08 4.431146045441340982e-09 -4.113915145644611277e-12 -9.513983421517043117e-13 -1.383737042059032427e-12 8.160401693012096462e-10 0.000000000000000000e+00 -8.540771059736740938e-12 0.000000000000000000e+00 0.000000000000000000e+00 2.021201817196630751e-02
2.312988845778342875e+04 2.143968668007027645e+03 0.000000000000000000e+00 2.901421039205698662e+02 -6.902366589288435742e-11 -7.140411850697164908e-11 -2.149569455453398481e-11 4.502907335992575741e-13 3.071035487814991456e-13 2.983348926690414833e-09 6.436382990630548552e-09 6.633786468950747339e-09 1.399937213244112000e-08 4.414032205286989597e-09 -4.113915145644611277e-12 -9.513983421517043117e-13 -1.383737042059032427e-12 8.160138961870407182e-10 0.000000000000000000e+00 -8.540771059736740938e-12 0.000000000000000000e+00 0.000000000000000000e+00 2.004611654492927456e-02
2.460402569670095909e+04 2.276641019509605485e+03 0.000000000000000000e+00 2.605452915527591813e+02 -6.902366589288435742e-11 -7.140411850697164908e-11 -2.149569455453398481e-11 3.469386039299570860e-13 2.374953198648760607e-13 2.959297328797554637e-09 6.363028209165065589e-09 6.566944839335825380e-09 1.396067694789222187e-08 4.406924585200437827e-09 -4.113915145644611277e-12 -9.513983421517043117e-13 -1.383737042059032427e-12 8.160029710861013486e-10 0.000000000000000000e+00 -8.540771059736740938e-12 0.000000000000000000e+00 0.000000000000000000e+00 1.999122716552669335e-02
2.607816293561848943e+04 2.409313371012183325e+03 0.000000000000000000e+00 2.304203776754149544e+02 -6.902366589288435742e-11 -7.140411850697164908e-11 -2.149569455453398481e-11 2.731928691077404791e-13 1.874788904687004424e-13 2.934573390032397496e-09 6.288206391580406717e-09 6.498681560736927826e-09 1.391203355383031843e-08 4.399553887503478677e-09 -4.113915145644611277e-12 -9.513983421517043117e-13 -1.383737042059032427e-12 8.159916227321798083e-10 0.000000000000000000e+00 -8.540771059736740938e-12 0.000000000000000000e+00 0.000000000000000000e+00 1.994698125577801587e-02
2.755230017453601977e+04 2.541985722514761164e+03 0.000000000000000000e+00 1.999149578026559197e+02 -6.902366589288435742e-11 -7.140411850697164908e-11 -2.149569455453398481e-11 2.146496974919592039e-13 1.476627466922628520e-13 2.909370166793974491e-09 6.212442826443504382e-09 6.429460985243735373e-09 1.385427808698906653e-08 4.391976108539865132e-09 -4.113915145644611277e-12 -9.513983421517043117e-13 -1.383737042059032427e-12 8.159799403410137382e-10 0.000000000000000000e+00 -8.540771059736740938e-12 0.000000000000000000e+00 0.000000000000000000e+00 1.987488610375676493e-02
2.902643741345355011e+04 2.674658074017339004e+03 0.000000000000000000e+00 1.687295859304936414e+02 -6.902366589288435742e-11 -7.140411850697164908e-11 -2.149569455453398481e-11 1.673599824198205873e-13 1.154317675190369624e-13 2.883233857904239494e-09 6.134611998830568023e-09 6.358268534246384276e-09 1.377621498828679607e-08 4.384039836437841198e-09 -4.113915145644611277e-12 -9.513983421517043117e-13 -1.383737042059032427e-12 8.159676776874311340e-10 0.000000000000000000e+00 -8.540771059736740938e-12 0.000000000000000000e+00 0.000000000000000000e+00 1.983623929786081791e-02
3.050057465237108045e+04 2.807330425519916844e+03 0.000000000000000000e+00 1.372951719071159005e+02 -6.902366589288435742e-11 -7.140411850697164908e-11 -2.149569455453398481e-11 1.298419256840044591e-13 8.980677462580682530e-14 2.856732659300101575e-09 6.056160977076581716e-09 6.286392043426369279e-09 1.368759796091301195e-08 4.375921580616560502e-09 -4.113915145644611277e-12 -9.513983421517043117e-13 -1.383737042059032427e-12 8.159551157565291486e-10 0.000000000000000000e+00 -8.540771059736740938e-12 0.000000000000000000e+00 0.000000000000000000e+00 1.972469758871091966e-02
3.197471189128861079e+04 2.940002777022494683e+03 0.000000000000000000e+00 1.056826395360637605e+02 -6.902366589288435742e-11 -7.140411850697164908e-11 -2.149569455453398481e-11 1.003454354305102284e-13 6.961295916792488087e-14 2.830005642561438228e-09 5.977468857267341768e-09 6.214170694455611089e-09 1.358998865032511849e-08 4.367663810590961824e-09 -4.113915145644611277e-12 -9.513983421517043117e-13 -1.383737042059032427e-12 8.159423260252074379e-10 0.000000000000000000e+00 -8.540771059736740938e-12 0.000000000000000000e+00 0.000000000000000000e+00 1.959642157997742995e-02
3.344884913020614476e+04 3.072675128525072523e+03 0.000000000000000000e+00 7.392752650489831012e+01 -6.902366589288435742e-11 -7.140411850697164908e-11 -2.149569455453398481e-11 7.727776023559541646e-14 5.378005432031702931e-14 2.803100544278800886e-09 5.898662897037749255e-09 6.141716676465089830e-09 1.348392200529957095e-08 4.359279472978983217e-09 -4.113915145644611277e-12 -9.513983421517043117e-13 -1.383737042059032427e-12 8.159293289819490197e-10 0.000000000000000000e+00 -8.540771059736740938e-12 0.000000000000000000e+00 0.000000000000000000e+00 1.945759243406841588e-02
3.412798094200030755e+04 3.133796991586547392e+03 0.000000000000000000e+00 5.921803360196574317e+01 -6.902366589288435742e-11 -7.140411850697164908e-11 -2.149569455453398481e-11 6.773145821349404152e-14 4.721428414199011635e-14 2.790576174966538181e-09 5.862080010759778141e-09 6.108068426939247084e-09 1.343074264487552295e-08 4.355363923119958832e-09 -4.113915145644611277e-12 -9.513983421517043117e-13 -1.383737042059032427e-12 8.159232537831142672e-10 0.000000000000000000e+00 -8.540771059736740938e-12 0.000000000000000000e+00 0.000000000000000000e+00 1.942299079368522974e-02
3.480711275379447034e+04 3.194918854648022261e+03 0.000000000000000000e+00 4.425858984178832145e+01 -6.902366589288435742e-11 -7.140411850697164908e-11 -2.149569455453398481e-11 5.903731827570776694e-14 4.122664371444209925e-14 2.777643058868873028e-09 5.824553231918753200e-09 6.073543834582116544e-09 1.336151733738840565e-08 4.351297712640430817e-09 -4.113915145644611277e-12 -9.513983421517043117e-13 -1.383737042059032427e-12 8.159169304029828363e-10 0.000000000000000000e+00 -8.540771059736740938e-12 0.000000000000000000e+00 0.000000000000000000e+00 1.945363626359295980e-02
3.497689570674300921e+04 3.210199320413390979e+03 0.000000000000000000e+00 4.047728575327831635e+01 -6.902366589288435742e-11 -7.140411850697164908e-11 -2.149569455453398481e-11 5.699639395576424223e-14 3.981979698027617986e-14 2.774339447997265442e-09 5.815008311254525569e-09 6.064761297715094766e-09 1.334131109940092773e-08 4.350255274081760836e-09 -4.113915145644611277e-12 -9.513983421517043117e-13 -1.383737042059032427e-12 8.159153067430423110e-10 0.000000000000000000e+00 -8.540771059736740938e-12 0.000000000000000000e+00 0.000000000000000000e+00 1.945797024801918657e-02
3.501934144498014211e+04 3.214019436854733158e+03 0.000000000000000000e+00 3.952901146050470516e+01 -6.902366589288435742e-11 -7.140411850697164908e-11 -2.149569455453398481e-11 5.649442656365860343e-14 3.947370403405900345e-14 2.773508430314529747e-09 5.812610220179837335e-09 6.062554683912422933e-09 1.333602393535943053e-08 4.349992785868693176e-09 -4.113915145644611277e-12 -9.513983421517043117e-13 -1.383737042059032427e-12 8.159148977166895546e-10 0.000000000000000000e+00 -8.540771059736740938e-12 0.000000000000000000e+00 0.000000000000000000e+00 1.945963448701240259e-02
3.506178718321727501e+04 3.217839553296075337e+03 0.000000000000000000e+00 3.857956484905756867e+01 -6.902366589288435742e-11 -7.140411850697164908e-11 -2.149569455453398481e-11 5.599581904823582439e-14 3.912989601355350067e-14 2.772675362095536757e-09 5.810207407228313168e-09 6.060343694504588918e-09 1.333063467947474038e-08 4.349729540369278293e-09 -4.113915145644611277e-12 -9.513983421517043117e-13 -1.383737042059032427e-12 8.159144874360181085e-10 0.000000000000000000e+00 -8.540771059736740938e-12 0.000000000000000000e+00 0.000000000000000000e+00 1.946012830289568091e-02
3.508698408108899457e+04 3.220107274104530006e+03 0.000000000000000000e+00 3.801509000667149252e+01 -6.902366589288435742e-11 -7.140411850697164908e-11 -2.149569455453398481e-11 5.570099853072548732e-14 3.892659925522675535e-14 2.772178945720871350e-09 5.808776396530047604e-09 6.059026937423407179e-09 1.332735657125772399e-08 4.349572599107566734e-09 -4.113915145644611277e-12 -9.513983421517043117e-13 -1.383737042059032427e-12 8.159142427405674445e-10 0.000000000000000000e+00 -8.540771059736740938e-12 0.000000000000000000e+00 0.000000000000000000e+00 1.946520146539544235e-02
3.511218097896071413e+04 3.222374994912984675e+03 0.000000000000000000e+00 3.744980185483765212e+01 -6.902366589288435742e-11 -7.140411850697164908e-11 -2.149569455453398481e-11 5.540696311502370604e-14 3.872383724937618126e-14 2.771680911984908603e-09 5.807341457034834420e-09 6.057706588365121846e-09 1.332400350082977649e-08 4.349415086160669214e-09 -4.113915145644611277e-12 -9.513983421517043117e-13 -1.383737042059032427e-12 8.159139970834002043e-10 0.000000000000000000e+00 -8.540771059736740938e-12 0.000000000000000000e+00 0.000000000000000000e+00 1.947001917089181966e-02
3.511576283226770465e+04 3.222697361710614132e+03 0.000000000000000000e+00 3.711672301155983433e+01 -6.902366589288435742e-11 -7.140411850697164908e-11 -2.149569455453398481e-11 5.504672668318404970e-14 3.838245027193332638e-14 2.764421335719653445e-09 5.791897439978111557e-09 6.041824507243694983e-09 1.329839231552373199e-08 4.343014052598155203e-09 -4.113915145644611277e-12 -9.513983421517043117e-13 -1.383737042059032427e-12 8.157215646369924025e-10 0.000000000000000000e+00 -8.540771059736740938e-12 0.000000000000000000e+00 0.000000000000000000e+00 1.943096775204508977e-02
3.511934468557469518e+04 3.223019728508243588e+03 0.000000000000000000e+00 3.669398703189998656e+01 -6.902366589288435742e-11 -7.140411850697164908e-11 -2.149569455453398481e-11 5.457828359039703764e-14 3.793558562927790986e-14 2.754571101259047341e-09 5.770985224955250223e-09 6.020311945469878857e-09 1.326356537130303755e-08 4.334256886797352176e-09 -4.113915145644611277e-12 -9.513983421517043117e-13 -1.383737042059032427e-12 8.154532825633413591e-10 0.000000000000000000e+00 -8.540771059736740938e-12 0.000000000000000000e+00 0.000000000000000000e+00 1.937767406905091874e-02
3.512292653888168570e+04 3.223342095305873045e+03 0.000000000000000000e+00 3.623662825222083939e+01 -6.902366589288435742e-11 -7.140411850697164908e-11 -2.149569455453398481e-11 5.407328887377592346e-14 3.745413946260231026e-14 2.743701163507356375e-09 5.747941047437032808e-09 5.996604584008915830e-09 1.322493539645798802e-08 4.324520137980594950e-09 -4.113915145644611277e-12 -9.513983421517043117e-13 -1.383737042059032427e-12 8.151493110390314418e-10 0.000000000000000000e+00 -8.540771059736740938e-12 0.000000000000000000e+00 0.000000000000000000e+00 1.931830613840607863e-02
3.512650839218867623e+04 3.223664462103502501e+03 0.000000000000000000e+00 3.576448303057092204e+01 -6.902366589288435742e-11 -7.140411850697164908e-11 -2.149569455453398481e-11 5.355632395226502337e-14 3.696221614832213824e-14 2.732386689165408522e-09 5.723979180600538899e-09 5.971952154346408227e-09 1.318464405994115434e-08 4.314321698400804868e-09 -4.113915145644611277e-12 -9.513983421517043117e-13 -1.383737042059032427e-12 8.148258840729566008e-10 0.000000000000000000e+00 -8.540771059736740938e-12 0.000000000000000000e+00 0.000000000000000000e+00 1.925367640360173271e-02
3.513305416074136156e+04 3.224253581273243981e+03 0.000000000000000000e+00 3.488623302358492140e+01 -6.902366589288435742e-11 -7.140411850697164908e-11 -2.149569455453398481e-11 5.261026273887076393e-14 3.606567684195698102e-14 2.711248102956513841e-09 5.679266133964336602e-09 5.925947677648012636e-09 1.310936514730256060e-08 4.295106355245118084e-09 -4.113915145644611277e-12 -9.513983421517043117e-13 -1.383737042059032427e-12 8.142035748945551958e-10 0.000000000000000000e+00 -8.540771059736740938e-12 0.000000000000000000e+00 0.000000000000000000e+00 1.913172533376918810e-02
3.514424664110459707e+04 3.225260904505935287e+03 0.000000000000000000e+00 3.334757948795742521e+01 -6.902366589288435742e-11 -7.140411850697164908e-11 -2.149569455453398481e-11 5.100299799266137238e-14 3.455464500790562167e-14 2.674166834788980998e-09 5.600982566492107245e-09 5.845401013487313897e-09 1.297540517392505075e-08 4.260951784266025111e-09 -4.113915145644611277e-12 -9.513983421517043117e-13 -1.383737042059032427e-12 8.130621361474043349e-10 0.000000000000000000e+00 -8.540771059736740938e-12 0.000000000000000000e+00 0.000000000000000000e+00 1.892475990309564621e-02
3.516280460463195050e+04 3.226931121223397440e+03 0.000000000000000000e+00 3.071375314876122786e+01 -6.902366589288435742e-11 -7.140411850697164908e-11 -2.149569455453398481e-11 4.839620693948048039e-14 3.213804730214557915e-14 2.611064494271843395e-09 5.468106952131474774e-09 5.708665842618279314e-09 1.274421351462654349e-08 4.201663109809078592e-09 -4.113915145644611277e-12 -9.513983421517043117e-13 -1.383737042059032427e-12 8.109876235225999804e-10 0.000000000000000000e+00 -8.540771059736740938e-12 0.000000000000000000e+00 0.000000000000000000e+00 1.856180516474423628e-02
3.518136256815930392e+04 3.228601337940859594e+03 0.000000000000000000e+00 2.798612311269239683e+01 -6.902366589288435742e-11 -7.140411850697164908e-11 -2.149569455453398481e-11 4.587510358104381173e-14 2.984245979192612323e-14 2.546525473234703618e-09 5.332563946166112631e-09 5.569151172252402040e-09 1.250616313649898917e-08 4.139624880536236422e-09 -4.113915145644611277e-12 -9.513983421517043117e-13 -1.383737042059032427e-12 8.087036143014078021e-10 0.000000000000000000e+00 -8.540771059736740938e-12 0.000000000000000000e+00 0.000000000000000000e+00 1.818231993248110856e-02
3.521312333729028614e+04 3.231459807162648303e+03 0.000000000000000000e+00 2.305979949704829579e+01 -6.902366589288435742e-11 -7.140411850697164908e-11 -2.149569455453398481e-11 4.182663689803891048e-14 2.625485763650493090e-14 2.436715748150537606e-09 5.103044067010359911e-09 5.333114929807808143e-09 1.200410852616800691e-08 4.031554749363356786e-09 -4.113915145644611277e-12 -9.513983421517043117e-13 -1.383737042059032427e-12 8.045464095596099840e-10 0.000000000000000000e+00 -8.540771059736740938e-12 0.000000000000000000e+00 0.000000000000000000e+00 1.759570725368694508e-02
3.524488410642126837e+04 3.234318276384437013e+03 0.000000000000000000e+00 1.782640834790245421e+01 -6.902366589288435742e-11 -7.140411850697164908e-11 -2.149569455453398481e-11 3.813529074732148860e-14 2.309331533370037017e-14 2.328822724793291565e-09 4.878500194911438525e-09 5.102264911461900152e-09 1.143937267972237411e-08 3.922059989156893427e-09 -4.113915145644611277e-12 -9.513983421517043117e-13 -1.383737042059032427e-12 8.000773553217674644e-10 0.000000000000000000e+00 -8.540771059736740938e-12 0.000000000000000000e+00 0.000000000000000000e+00 1.689869833177922928e-02
3.527664487555225060e+04 3.237176745606225722e+03 0.000000000000000000e+00 1.225159354941658663e+01 -6.902366589288435742e-11 -7.140411850697164908e-11 -2.149569455453398481e-11 3.482690972484214439e-14 2.035535591103991061e-14 2.224902926344583472e-09 4.662961684150203188e-09 4.880669894378213202e-09 1.084734947471199847e-08 3.813414284954685317e-09 -4.113915145644611277e-12 -9.513983421517043117e-13 -1.383737042059032427e-12 7.953764171604591225e-10 0.000000000000000000e+00 -8.540771059736740938e-12 0.000000000000000000e+00 0.000000000000000000e+00 1.618109815617316261e-02
3.530840564468323282e+04 3.240035214828014432e+03 0.000000000000000000e+00 6.224067060335642942e+00 -6.902366589288435742e-11 -7.140411850697164908e-11 -2.149569455453398481e-11 3.194551516985768018e-14 1.804961758861890381e-14 2.128324523030093094e-09 4.463313680257847315e-09 4.675446606437356692e-09 1.022938234333104368e-08 3.709658599698114808e-09 -4.113915145644611277e-12 -9.513983421517043117e-13 -1.383737042059032427e-12 7.906506617201818454e-10 0.000000000000000000e+00 -8.540771059736740938e-12 0.000000000000000000e+00 0.000000000000000000e+00 1.549859721073681799e-02
3.532377410585564212e+04 3.241418376333530887e+03 0.000000000000000000e+00 3.110749914336110145e+00 -6.902366589288435742e-11 -7.140411850697164908e-11 -2.149569455453398481e-11 3.071602606970437734e-14 1.709161312660753946e-14 2.084914132221481612e-09 4.373771933909527302e-09 4.583396420468959180e-09 9.937226254046251641e-09 3.662007647697565025e-09 -4.113915145644611277e-12 -9.513983421517043117e-13 -1.383737042059032427e-12 7.883884855619283748e-10 0.000000000000000000e+00 -8.540771059736740938e-12 0.000000000000000000e+00 0.000000000000000000e+00 1.516252346067565974e-02
