0.000000000000000000e+00 7.184988528601388680e+01 0.000000000000000000e+00 7.850140070689622007e+02 8.877518935093669452e-07 1.202018794529840263e-07 6.613807205243499507e-08 1.132494511140245019e-09 1.141789806048381223e-09 7.578811830185143510e-07 1.324343447894597787e-06 1.514619791530000138e-06 1.699688709447550422e-06 2.089518903999814110e-06 2.144594691214448081e-06 2.814663515580730260e-06 3.413078255787281956e-06 3.045096489325968076e-06 0.000000000000000000e+00 2.762618002284774908e-09 0.000000000000000000e+00 0.000000000000000000e+00 1.107758454023053041e+01
9.166800574059287554e-02 7.185813540653053622e+01 0.000000000000000000e+00 7.850010680223534791e+02 8.876084373452775093e-07 1.201982881331335032e-07 6.613768685657417009e-08 1.132492429774995659e-09 1.141787787959856753e-09 7.578811601415183805e-07 1.324343388986101378e-06 1.514619733198209922e-06 1.699688704319749755e-06 2.089518891597603436e-06 2.144576114890256340e-06 2.814658201632265856e-06 3.413076615249656572e-06 3.045096489166241802e-06 0.000000000000000000e+00 2.762590582285222689e-09 0.000000000000000000e+00 0.000000000000000000e+00 1.109271372625129892e+01
1.174040081720541053e+02 8.241624602149875045e+01 0.000000000000000000e+00 7.687060979687806821e+02 7.299405491221356029e-07 1.156449592889156569e-07 6.563631168807308922e-08 1.129794028438588281e-09 1.139173999691029988e-09 7.578510523578695982e-07 1.324265758680858692e-06 1.514542981424563852e-06 1.699681845108199889e-06 2.089502556889629411e-06 2.120741748143749655e-06 2.807782370452071471e-06 3.410949782246486783e-06 3.045096278048536386e-06 0.000000000000000000e+00 2.698274335023257016e-09 0.000000000000000000e+00 0.000000000000000000e+00 1.098663597902166522e+01
3.907618578022081692e+02 1.070184524882126169e+02 0.000000000000000000e+00 7.314557077967474470e+02 4.384752667899656634e-07 1.053015439240229569e-07 6.444482868245181563e-08 1.123401802396019451e-09 1.132989528957290870e-09 7.577782525123769650e-07 1.324077781252259679e-06 1.514357459204366402e-06 1.699664821986613156e-06 2.089463015428144928e-06 2.065063763888588684e-06 2.791498591361868092e-06 3.405897301489456852e-06 3.045095764819350808e-06 0.000000000000000000e+00 2.552161682990539200e-09 0.000000000000000000e+00 0.000000000000000000e+00 1.078199591524978551e+01
6.641197074323622473e+02 1.316206589549264834e+02 0.000000000000000000e+00 6.951647663473854664e+02 2.561091542686009603e-07 9.529880192683978736e-08 6.321767011252690897e-08 1.116849507978890480e-09 1.126660552659620676e-09 7.577014043259539212e-07 1.323879029424530999e-06 1.514161772825513092e-06 1.699646002342526365e-06 2.089421200123402209e-06 2.008963937244189115e-06 2.774780251548956686e-06 3.400687420439306019e-06 3.045095218632847208e-06 0.000000000000000000e+00 2.191787274085720471e-09 0.000000000000000000e+00 0.000000000000000000e+00 1.064085663173464447e+01
9.374775570625163255e+02 1.562228654216403356e+02 0.000000000000000000e+00 6.594505966239134978e+02 1.462080449001638652e-07 8.585419722464053157e-08 6.197119349272073780e-08 1.110186410304208287e-09 1.120230951323005556e-09 7.576213817539150261e-07 1.323671955433324207e-06 1.513958151247675347e-06 1.699625396277320924e-06 2.089377597200981652e-06 1.952804435872941843e-06 2.757691949689831463e-06 3.395338452537863444e-06 3.045094647386654904e-06 0.000000000000000000e+00 1.773966565806763238e-09 0.000000000000000000e+00 0.000000000000000000e+00 1.054018340045996638e+01
1.210835406692670404e+03 1.808250718883542163e+02 0.000000000000000000e+00 6.240515782714487614e+02 8.280093040263853979e-08 7.708441975833909682e-08 6.071639148954076098e-08 1.103446283202110577e-09 1.113730740508742161e-09 7.575387972492922481e-07 1.323458294524285680e-06 1.513748174378274385e-06 1.699602909299344689e-06 2.089332547945409534e-06 1.896814845102921864e-06 2.740278479082770590e-06 3.389863464973916326e-06 3.045094056672840524e-06 0.000000000000000000e+00 1.461774531830864327e-09 0.000000000000000000e+00 0.000000000000000000e+00 1.046713279120592688e+01
1.484193256322824482e+03 2.054272783550680970e+02 0.000000000000000000e+00 5.886803452999889714e+02 3.458925401418662509e-08 6.907201498315050250e-08 5.946611036093363613e-08 1.096671788240994648e-09 1.107197980349366100e-09 7.574544824051449666e-07 1.323240369531490408e-06 1.513533974760933098e-06 1.699578496441195666e-06 2.089286519024721466e-06 1.841276827840866295e-06 2.722611045995377776e-06 3.384284704906329844e-06 3.045093454018831284e-06 0.000000000000000000e+00 1.651708298336510374e-09 0.000000000000000000e+00 0.000000000000000000e+00 1.040472877969153309e+01
1.996806318715995531e+03 2.515624539704535039e+02 0.000000000000000000e+00 5.224949839891169177e+02 -2.458329356488447251e-09 5.585453938228877429e-08 5.713060559274073957e-08 1.083857383598550335e-09 1.094843601611260385e-09 7.572912130378274655e-07 1.322818952465944770e-06 1.513119718640917983e-06 1.699526654315268744e-06 2.089197279139416352e-06 1.738337142945050114e-06 2.688748486144335790e-06 3.373522898175191215e-06 3.045092287717569411e-06 0.000000000000000000e+00 -1.418653232138608444e-10 0.000000000000000000e+00 0.000000000000000000e+00 1.031627741785771057e+01
2.930070505471629986e+03 3.355562307784605878e+02 0.000000000000000000e+00 4.010715527766532773e+02 -1.968639176017479802e-08 3.725588028335666892e-08 5.294306919639968834e-08 1.060241073946636550e-09 1.072070587421555548e-09 7.569771529603289358e-07 1.322012153508013243e-06 1.512325905701254512e-06 1.699399725618534738e-06 2.089025218913264178e-06 1.555019822646375130e-06 2.624384265352426069e-06 3.352812751307675074e-06 3.045090052121534605e-06 0.000000000000000000e+00 -9.838070770656437342e-10 0.000000000000000000e+00 0.000000000000000000e+00 1.021081405172487599e+01
3.863334692227264441e+03 4.195500075864677001e+02 0.000000000000000000e+00 2.775531256427304925e+02 -1.412299470673061654e-08 2.417785479138878832e-08 4.883345242284409796e-08 1.036159063788107341e-09 1.048836569050154801e-09 7.566369528503741602e-07 1.321145718006191996e-06 1.511472340330753541e-06 1.699193124547812431e-06 2.088838147910343800e-06 1.375982115585661939e-06 2.555585818420338565e-06 3.330297338976797959e-06 3.045087640806592128e-06 0.000000000000000000e+00 -7.212751635771674395e-10 0.000000000000000000e+00 0.000000000000000000e+00 1.014829978627857265e+01
5.532476581810451535e+03 5.697727776489546159e+02 0.000000000000000000e+00 4.763852811235229723e+01 -3.505556128580349006e-08 1.025352831280338000e-08 4.158231400651899276e-08 9.909623024468471608e-10 1.005182614510953868e-09 7.559232516183268477e-07 1.319367043444243378e-06 1.509717540155155490e-06 1.697843208339754555e-06 2.088442200426002904e-06 1.060219658384468867e-06 2.414127656479279881e-06 3.282557893561390740e-06 3.045082590080491025e-06 0.000000000000000000e+00 1.164306601727138722e-08 0.000000000000000000e+00 0.000000000000000000e+00 1.012578620005057140e+01
