0.000000000000000000e+00 8.167570908207039793e+01 0.000000000000000000e+00 7.867268649834719554e+02 9.590743134569612052e-09 6.822503938016752321e-10 6.094734103402994744e-10 1.128420203380053315e-11 7.431456655025478869e-12 1.472398346144144407e-09 3.330313604039136332e-09 3.371527844751256506e-09 6.255305072556946528e-09 1.986374413357164666e-09 0.000000000000000000e+00 8.359639051276498384e-13 5.060641453664094025e-13 3.574929059733035036e-10 0.000000000000000000e+00 6.640859756452480666e-11 0.000000000000000000e+00 0.000000000000000000e+00 1.545662862618055536e-02
1.137767906144445185e+01 8.269970019760039293e+01 0.000000000000000000e+00 7.863838007517016422e+02 8.603552266090081555e-09 6.613245525866675497e-10 6.054061010129097282e-10 1.126754631513701007e-11 7.419291913077430105e-12 1.472300540660588401e-09 3.330018286865704378e-09 3.371247131465011467e-09 6.255270485999059686e-09 1.986345292564526850e-09 0.000000000000000000e+00 8.286271844479195905e-13 5.047872172238543172e-13 3.574928481158135194e-10 0.000000000000000000e+00 5.797063972195662936e-11 0.000000000000000000e+00 0.000000000000000000e+00 1.490763918605593485e-02
2.275535812288890369e+01 8.372369131313038793e+01 0.000000000000000000e+00 7.860607647942978247e+02 7.677120453542301086e-09 6.408434063359554206e-10 6.014259290238131663e-10 1.125136669636201813e-11 7.407593742114972389e-12 1.472210439756802408e-09 3.329743919561773577e-09 3.370987614161437365e-09 6.255238062104062145e-09 1.986318980276310406e-09 0.000000000000000000e+00 8.222443796893964893e-13 5.036906562251692564e-13 3.574927984566619603e-10 0.000000000000000000e+00 5.024270187545019531e-11 0.000000000000000000e+00 0.000000000000000000e+00 1.437248006304084162e-02
4.620682206555351001e+01 8.583432306797020317e+01 0.000000000000000000e+00 7.854469679953967898e+02 5.937356993841940744e-09 5.994662770567369791e-10 5.933389638135367778e-10 1.121873333404242756e-11 7.384292360818271115e-12 1.472039096559893494e-09 3.329216836781301470e-09 3.370492250983662406e-09 6.255175107312697642e-09 1.986269967800177348e-09 0.000000000000000000e+00 8.109300619177984322e-13 5.017721809148472958e-13 3.574927106459162841e-10 0.000000000000000000e+00 3.626900283071992472e-11 0.000000000000000000e+00 0.000000000000000000e+00 1.336586877391148127e-02
6.965828600821811278e+01 8.794495482281001841e+01 0.000000000000000000e+00 7.848977789634408282e+02 4.428636575893579088e-09 5.587263345562704407e-10 5.852597784355799381e-10 1.118636431409431800e-11 7.361540594802893778e-12 1.471880109888356634e-09 3.328721454476381879e-09 3.370030727602321392e-09 6.255115169531988237e-09 1.986225540155370224e-09 0.000000000000000000e+00 8.013687884673853576e-13 5.001740213273877317e-13 3.574926354582223101e-10 0.000000000000000000e+00 2.507149448630754402e-11 0.000000000000000000e+00 0.000000000000000000e+00 1.249007670955575369e-02
9.310974995088271555e+01 9.005558657764983366e+01 0.000000000000000000e+00 7.844115743077269371e+02 3.175297334942570715e-09 5.182166882556930522e-10 5.770235781079029957e-10 1.115351758926426653e-11 7.338810210078504719e-12 1.471727793288145425e-09 3.328240761937883326e-09 3.369587074650514993e-09 6.255056295224547530e-09 1.986183824234129435e-09 0.000000000000000000e+00 7.930720489069191344e-13 4.988038634738037917e-13 3.574925680909895125e-10 0.000000000000000000e+00 1.681714313922249595e-11 0.000000000000000000e+00 0.000000000000000000e+00 1.175841685801166936e-02
1.288981031363936154e+02 9.327653836434581081e+01 0.000000000000000000e+00 7.837651260323211773e+02 1.739830113924823582e-09 4.567918201157544891e-10 5.638295061558227511e-10 1.110082903107210216e-11 7.302925047817296781e-12 1.471494130554310319e-09 3.327493974716700649e-09 3.368904900273435439e-09 6.254963763440989744e-09 1.986120797523704565e-09 0.000000000000000000e+00 7.816152107834436368e-13 4.969240633137775902e-13 3.574924693575957315e-10 0.000000000000000000e+00 7.859937112969024008e-12 0.000000000000000000e+00 0.000000000000000000e+00 1.091002276661665743e-02
1.435940916647387837e+02 9.459917733189688249e+01 0.000000000000000000e+00 7.835307027513948697e+02 1.314317720268950170e-09 4.317716341889975855e-10 5.581790020663796003e-10 1.107820216713059850e-11 7.287699401592390325e-12 1.471396961005318723e-09 3.327180310471053321e-09 3.368620733493424478e-09 6.254924549291511067e-09 1.986094889995768745e-09 0.000000000000000000e+00 7.772753827316450200e-13 4.962151813690775819e-13 3.574924297059346993e-10 0.000000000000000000e+00 6.219527621114165690e-12 0.000000000000000000e+00 0.000000000000000000e+00 1.065420784096867551e-02
1.582900801930839521e+02 9.592181629944795418e+01 0.000000000000000000e+00 7.833093080478372485e+02 9.730566172266712209e-10 4.070607552348886276e-10 5.523795349749872017e-10 1.105487802617877995e-11 7.272086335368550110e-12 1.471297737089352160e-09 3.326858706577447643e-09 3.368330442852486005e-09 6.254884198333508077e-09 1.986068523220573919e-09 0.000000000000000000e+00 7.730198355007029237e-13 4.955195658943411395e-13 3.574923895355313858e-10 0.000000000000000000e+00 4.730790429326277512e-12 0.000000000000000000e+00 0.000000000000000000e+00 1.044555665147581074e-02
1.862219759842371616e+02 9.843568692065174730e+01 0.000000000000000000e+00 7.829143356724435989e+02 5.210484257052034109e-10 3.615460746299573899e-10 5.409847536300298938e-10 1.100864010211610521e-11 7.241310113978492886e-12 1.471102301461144579e-09 3.326222549696694897e-09 3.367758564545808855e-09 6.254804080774046178e-09 1.986016717559351079e-09 0.000000000000000000e+00 7.650057872855835977e-13 4.942053090984525689e-13 3.574923107005627581e-10 0.000000000000000000e+00 2.746612939050607236e-12 0.000000000000000000e+00 0.000000000000000000e+00 1.015970785138792243e-02
2.141538717753903711e+02 1.009495575418555404e+02 0.000000000000000000e+00 7.825444993545537500e+02 2.703210845006867724e-10 3.187444984301843519e-10 5.292465902444576337e-10 1.096036697240927471e-11 7.209350025841114028e-12 1.470899091032824575e-09 3.325558448128662438e-09 3.367163870494947506e-09 6.254720140301616407e-09 1.985962959062396553e-09 0.000000000000000000e+00 7.570491647929128628e-13 4.928933588427540615e-13 3.574922289096858216e-10 0.000000000000000000e+00 1.891145347167711587e-12 0.000000000000000000e+00 0.000000000000000000e+00 9.988064994804687902e-03
2.420857675665435806e+02 1.034634281630593335e+02 0.000000000000000000e+00 7.821897376722591844e+02 1.462913046208302980e-10 2.795283571141313999e-10 5.173688508620171054e-10 1.091075728812837201e-11 7.176607450989334866e-12 1.470690222052655890e-09 3.324874298419366254e-09 3.366552617587241342e-09 6.254633464592335583e-09 1.985907753129503769e-09 0.000000000000000000e+00 7.491251524260267165e-13 4.915780943667307204e-13 3.574921448623684313e-10 0.000000000000000000e+00 2.045373884794141987e-12 0.000000000000000000e+00 0.000000000000000000e+00 9.889565059090296359e-03
2.905088815322803839e+02 1.078215084199756433e+02 0.000000000000000000e+00 7.815878238433911065e+02 2.685405608310937432e-11 2.214515858455716542e-10 4.970467435695860676e-10 1.082383399540366048e-11 7.119318985734724096e-12 1.470322665148626496e-09 3.323669215867357063e-09 3.365477009873239495e-09 6.254480543734758125e-09 1.985810632949979911e-09 0.000000000000000000e+00 7.355098215686527326e-13 4.892949626179051101e-13 3.574919969593372556e-10 0.000000000000000000e+00 -1.026022249437492738e-12 0.000000000000000000e+00 0.000000000000000000e+00 9.775918399368470346e-03
3.389319954980171588e+02 1.121795886768919530e+02 0.000000000000000000e+00 7.809980570031522120e+02 -1.416211308827671925e-12 1.746328031500393878e-10 4.771532575374599449e-10 1.073605553489755534e-11 7.061543737927078798e-12 1.469949058924927240e-09 3.322443240191021144e-09 3.364383784863056656e-09 6.254324692045057213e-09 1.985711926846295204e-09 0.000000000000000000e+00 7.220416271403775453e-13 4.870062478409670358e-13 3.574918465513626307e-10 0.000000000000000000e+00 -3.080687576970349961e-12 0.000000000000000000e+00 0.000000000000000000e+00 9.720193551475278873e-03
3.873551094637539336e+02 1.165376689338082628e+02 0.000000000000000000e+00 7.804132076689243149e+02 -4.265707968625352045e-12 1.373999340667125680e-10 4.578838374637581236e-10 1.064824575171874274e-11 7.003774662326238776e-12 1.469572437048059816e-09 3.321207097510030285e-09 3.363281820640120988e-09 6.254167356769255400e-09 1.985612413159444385e-09 0.000000000000000000e+00 7.087516015470078823e-13 4.847166815435098551e-13 3.574916948727509038e-10 0.000000000000000000e+00 -1.546168032612549776e-12 0.000000000000000000e+00 0.000000000000000000e+00 9.686290836625907619e-03
4.653462029694774174e+02 1.235568673493233689e+02 0.000000000000000000e+00 7.794763527045815863e+02 -2.388317447702054098e-12 9.335367300762592035e-11 4.282787318122793327e-10 1.050748688313321652e-11 6.911190788741679493e-12 1.468962409270280956e-09 3.319204870239028165e-09 3.361497085928028989e-09 6.253912238487192143e-09 1.985451193057906121e-09 0.000000000000000000e+00 6.877621631663516659e-13 4.810350535906182805e-13 3.574914491213943133e-10 0.000000000000000000e+00 -3.476350479494296528e-13 0.000000000000000000e+00 0.000000000000000000e+00 9.644174644455721576e-03
5.433372964752009011e+02 1.305760657648384893e+02 0.000000000000000000e+00 7.785436660269314189e+02 -5.053178440523679150e-13 6.351002615093304634e-11 4.004387952943325994e-10 1.036785373157691287e-11 6.819360843818140636e-12 1.468349298234492569e-09 3.317192689757996305e-09 3.359703524019772545e-09 6.253655559014869418e-09 1.985289108451959858e-09 0.000000000000000000e+00 6.673025723891786438e-13 4.773649718847068918e-13 3.574912020300797836e-10 0.000000000000000000e+00 -5.329533689236830808e-14 0.000000000000000000e+00 0.000000000000000000e+00 9.610454955628209422e-03
6.213283899809243849e+02 1.375952641803536096e+02 0.000000000000000000e+00 7.776141191512590467e+02 3.516108999204744073e-13 4.363906480165849752e-11 3.743007793705570684e-10 1.022951273869221451e-11 6.728389999022271072e-12 1.467733826471320876e-09 3.315173007950173451e-09 3.357903259281752664e-09 6.253397589514727206e-09 1.985126347412320368e-09 0.000000000000000000e+00 6.473800602703509660e-13 4.737097447591097204e-13 3.574909538897481910e-10 0.000000000000000000e+00 -8.390333615844188596e-14 0.000000000000000000e+00 0.000000000000000000e+00 9.582564744849329796e-03
8.096774716466375139e+02 1.545466815302677901e+02 0.000000000000000000e+00 7.753770835537029598e+02 2.017555099947308975e-12 7.599931215048800551e-12 3.175145102624174690e-10 9.901761567840854497e-12 6.512884103959720414e-12 1.466242756832973781e-09 3.310281375449637072e-09 3.353542672976249285e-09 6.252771564661553625e-09 1.984731811958923779e-09 0.000000000000000000e+00 6.014998659497094212e-13 4.649683500939241205e-13 3.574903523637577094e-10 0.000000000000000000e+00 1.292714518449766997e-11 0.000000000000000000e+00 0.000000000000000000e+00 9.532315261257777103e-03
8.958519126181499814e+02 1.623023812177039247e+02 0.000000000000000000e+00 7.743575430999788978e+02 -1.150863484893996560e-12 2.463717409722040785e-12 2.944631160564357407e-10 9.754768174898884240e-12 6.416239830272276793e-12 1.465558425553725836e-09 3.308037092092631857e-09 3.351541753693451523e-09 6.252483735437432230e-09 1.984550632183505614e-09 0.000000000000000000e+00 5.815403162670293231e-13 4.610079079930457250e-13 3.574900761322886591e-10 0.000000000000000000e+00 -2.081098003343006567e-11 0.000000000000000000e+00 0.000000000000000000e+00 9.492969221521893250e-03
9.820263535896624489e+02 1.700580809051400593e+02 0.000000000000000000e+00 7.733404631289859026e+02 -2.207003013174431200e-12 7.516461412797902222e-13 2.730293371787142953e-10 9.609509567020120849e-12 6.320743890215943142e-12 1.464872139261286507e-09 3.305786698685341792e-09 3.349535379550132128e-09 6.252194662139242271e-09 1.984368869397597835e-09 0.000000000000000000e+00 5.621952532058117228e-13 4.570713134443872591e-13 3.574897989863878301e-10 0.000000000000000000e+00 -3.205702177273931627e-11 0.000000000000000000e+00 0.000000000000000000e+00 9.470214790009754899e-03
1.068200794561174916e+03 1.778137805925761938e+02 0.000000000000000000e+00 7.723249100826020594e+02 -2.559049522601242679e-12 -5.400974621542617686e-13 2.531169618377859962e-10 9.466159189159946775e-12 6.226506038847282162e-12 1.464184865496571270e-09 3.303533489652235178e-09 3.347526378928897394e-09 6.251904778404327326e-09 1.984186776819418247e-09 0.000000000000000000e+00 5.434636064174149646e-13 4.531620898125790935e-13 3.574895213244414321e-10 0.000000000000000000e+00 -3.580570235250906431e-11 0.000000000000000000e+00 0.000000000000000000e+00 9.453095880385028668e-03
1.214618466148927837e+03 1.909913710354739749e+02 0.000000000000000000e+00 7.706045699774506375e+02 -2.559049522601242679e-12 -5.400974621542617686e-13 2.246930116289643707e-10 9.229793569232652450e-12 6.071130930360299128e-12 1.463014115384313619e-09 3.299696911133846427e-09 3.344105079976113451e-09 6.251409516761556011e-09 1.983876329806672140e-09 0.000000000000000000e+00 5.138886442474144076e-13 4.466240619980283350e-13 3.574890479077742644e-10 0.000000000000000000e+00 -3.580570235250906431e-11 0.000000000000000000e+00 0.000000000000000000e+00 9.432133888374362451e-03
1.539138667644905127e+03 2.201981891701119309e+02 0.000000000000000000e+00 7.668061025868541947e+02 -2.559049522601242679e-12 -5.400974621542617686e-13 1.782953852545761677e-10 8.733201969247783916e-12 5.744719432046184419e-12 1.460412122974425118e-09 3.291176815636973099e-09 3.336504853862254037e-09 6.250303936624976532e-09 1.983185364499176038e-09 0.000000000000000000e+00 4.562594358928168424e-13 4.325414926709079000e-13 3.574879940990519735e-10 0.000000000000000000e+00 -3.580570235250906431e-11 0.000000000000000000e+00 0.000000000000000000e+00 9.394822190755037356e-03
2.037246071961665621e+03 2.650278555586203879e+02 0.000000000000000000e+00 7.609898636642034262e+02 -2.559049522601242679e-12 -5.400974621542617686e-13 1.229581001875100799e-10 8.011720824517658976e-12 5.270505586932595906e-12 1.456412744679701052e-09 3.278091871562216671e-09 3.324828672489726433e-09 6.248597130100524309e-09 1.982121732261778384e-09 0.000000000000000000e+00 3.781670816246807829e-13 4.115697643326438366e-13 3.574863717378637472e-10 0.000000000000000000e+00 -3.580570235250906431e-11 0.000000000000000000e+00 0.000000000000000000e+00 9.346407689787806020e-03
2.826320974878999095e+03 3.360445968211803915e+02 0.000000000000000000e+00 7.517931006773868603e+02 -2.559049522601242679e-12 -5.400974621542617686e-13 5.940556060933976850e-11 6.975006178480236408e-12 4.589115707829617180e-12 1.450067696165782144e-09 3.257366090316225820e-09 3.306322603584665989e-09 6.245857754859149553e-09 1.980429552941286564e-09 0.000000000000000000e+00 2.772557420290826320e-13 3.801226150712952694e-13 3.574837899498671355e-10 0.000000000000000000e+00 -3.580570235250906431e-11 0.000000000000000000e+00 0.000000000000000000e+00 9.284274046972950181e-03
4.372928277690723917e+03 4.752392540742356459e+02 0.000000000000000000e+00 7.338288390175250697e+02 -2.559049522601242679e-12 -5.400974621542617686e-13 8.018821743297389581e-12 5.282912042043660815e-12 3.476982473097767529e-12 1.437618490833254123e-09 3.216823036300228701e-09 3.270077109735965284e-09 6.240389493838803980e-09 1.977091770533177947e-09 0.000000000000000000e+00 1.458500343028982891e-13 3.246111713331541756e-13 3.574786950299406995e-10 0.000000000000000000e+00 -3.580570235250906431e-11 0.000000000000000000e+00 0.000000000000000000e+00 9.201967052845125977e-03
6.709189204978099951e+03 6.855027375300994663e+02 0.000000000000000000e+00 7.066751136299832297e+02 -2.559049522601242679e-12 -5.400974621542617686e-13 -3.106638205280800628e-11 3.406228276105417363e-12 2.243358036519931049e-12 1.418812801331181809e-09 3.155908142591276548e-09 3.215505007906935364e-09 6.231783234969212957e-09 1.972003461883785890e-09 0.000000000000000000e+00 2.449123106474219709e-14 2.544455202565148876e-13 3.574709203989637583e-10 0.000000000000000000e+00 -3.580570235250906431e-11 0.000000000000000000e+00 0.000000000000000000e+00 9.103351173927975298e-03
9.045450132265475986e+03 8.957662209859634004e+02 0.000000000000000000e+00 6.795036087449591378e+02 -2.559049522601242679e-12 -5.400974621542617686e-13 -4.409478331817647156e-11 2.182028307379659898e-12 1.438329341971269884e-12 1.400042055882108310e-09 3.095496429462565796e-09 3.161244580915852168e-09 6.222808039596674070e-09 1.966868296117906687e-09 0.000000000000000000e+00 -1.596170334797649605e-14 1.986240282460662117e-13 3.574630652617441709e-10 0.000000000000000000e+00 -3.580570235250906431e-11 0.000000000000000000e+00 0.000000000000000000e+00 9.018182952460226595e-03
1.138171105955285202e+04 1.106029704441827334e+03 0.000000000000000000e+00 6.522653639161653700e+02 -2.559049522601242679e-12 -5.400974621542617686e-13 -4.843758373996595568e-11 1.309889614528516427e-12 8.647528568622002475e-13 1.381286570295862773e-09 3.035538399554067708e-09 3.107252305857865527e-09 6.213356394069925052e-09 1.961679054744673148e-09 0.000000000000000000e+00 -4.550791222001225608e-14 1.539263276814225106e-13 3.574551173027681806e-10 0.000000000000000000e+00 -3.580570235250906431e-11 0.000000000000000000e+00 0.000000000000000000e+00 8.940859623836606290e-03
1.491062180650540722e+04 1.423631671667557157e+03 0.000000000000000000e+00 6.109759687866267086e+02 -2.559049522601242679e-12 -5.400974621542617686e-13 -5.174042174973863029e-11 5.333055690777617785e-13 3.532680614739234058e-13 1.352992869223155461e-09 2.945862010499768112e-09 3.026233275988137978e-09 6.198083908272515605e-09 1.953736546895620581e-09 0.000000000000000000e+00 -6.178607714023493271e-14 1.024662235704811934e-13 3.574429319723441159e-10 0.000000000000000000e+00 -3.580570235250906431e-11 0.000000000000000000e+00 0.000000000000000000e+00 8.825660386875563632e-03
2.103339943834226870e+04 1.974681658532874735e+03 0.000000000000000000e+00 5.384854296812401344e+02 -2.559049522601242679e-12 -5.400974621542617686e-13 -5.174042174973863029e-11 -1.008984161478700321e-13 -6.505157130515778939e-14 1.303981098942139826e-09 2.794117895408688533e-09 2.887933612487348777e-09 6.165880383033450648e-09 1.939421100106222241e-09 0.000000000000000000e+00 -6.178607714023493271e-14 4.626539369200110258e-14 3.574208613393791170e-10 0.000000000000000000e+00 -3.580570235250906431e-11 0.000000000000000000e+00 0.000000000000000000e+00 8.631794559584600804e-03
2.715617707017912835e+04 2.525731645398192086e+03 0.000000000000000000e+00 4.647726349304654150e+02 -2.559049522601242679e-12 -5.400974621542617686e-13 -5.174042174973863029e-11 -1.008984161478700321e-13 -6.505157130515778939e-14 1.254570091307471174e-09 2.644180908453154867e-09 2.750338431386296052e-09 6.125714899332921689e-09 1.924504546415632768e-09 0.000000000000000000e+00 -6.178607714023493271e-14 1.255988307845935576e-14 3.573977542579602651e-10 0.000000000000000000e+00 -3.580570235250906431e-11 0.000000000000000000e+00 0.000000000000000000e+00 8.443583207992624157e-03
3.327895470201598800e+04 3.076781632263509437e+03 0.000000000000000000e+00 3.895571332053564220e+02 -2.559049522601242679e-12 -5.400974621542617686e-13 -5.174042174973863029e-11 -1.008984161478700321e-13 -6.505157130515778939e-14 1.204557515107822806e-09 2.495643256415863135e-09 2.613058998216597940e-09 6.073720596876650975e-09 1.908868890229597693e-09 0.000000000000000000e+00 -6.178607714023493271e-14 2.878352515317065545e-15 3.573734015033209669e-10 0.000000000000000000e+00 -3.580570235250906431e-11 0.000000000000000000e+00 0.000000000000000000e+00 8.253237195510718799e-03
3.940173233385285130e+04 3.627831619128826787e+03 0.000000000000000000e+00 3.124013122123628250e+02 -2.559049522601242679e-12 -5.400974621542617686e-13 -5.174042174973863029e-11 -1.008984161478700321e-13 -6.505157130515778939e-14 1.153578263865643475e-09 2.347736368468254820e-09 2.475361407487062001e-09 6.002352524931815540e-09 1.892322392821276943e-09 0.000000000000000000e+00 -6.178607714023493271e-14 5.073712043566728669e-16 3.573474659699536303e-10 0.000000000000000000e+00 -3.580570235250906431e-11 0.000000000000000000e+00 0.000000000000000000e+00 8.058189058785683243e-03
4.166103627445744496e+04 3.831168973783240745e+03 0.000000000000000000e+00 2.835892485513915062e+02 -2.559049522601242679e-12 -5.400974621542617686e-13 -5.174042174973863029e-11 -1.008984161478700321e-13 -6.505157130515778939e-14 1.134564660082872471e-09 2.293099448669528894e-09 2.424351721031706415e-09 5.971938809887729909e-09 1.886059915212178168e-09 0.000000000000000000e+00 -6.178607714023493271e-14 3.486180074646810176e-16 3.573376235187012921e-10 0.000000000000000000e+00 -3.580570235250906431e-11 0.000000000000000000e+00 0.000000000000000000e+00 7.986991008362202132e-03
4.392034021506203862e+04 4.034506328437654247e+03 0.000000000000000000e+00 2.543509994964960015e+02 -2.559049522601242679e-12 -5.400974621542617686e-13 -5.174042174973863029e-11 -1.008984161478700321e-13 -6.505157130515778939e-14 1.115272086708210785e-09 2.238226647339437047e-09 2.372978152160906820e-09 5.935796787698579311e-09 1.879607663440967748e-09 0.000000000000000000e+00 -6.178607714023493271e-14 2.556855092126240655e-16 3.573274526097218068e-10 0.000000000000000000e+00 -3.580570235250906431e-11 0.000000000000000000e+00 0.000000000000000000e+00 7.915807312593158354e-03
4.617964415566663229e+04 4.237843683092068204e+03 0.000000000000000000e+00 2.245491225227561358e+02 -2.559049522601242679e-12 -5.400974621542617686e-13 -5.174042174973863029e-11 -1.008984161478700321e-13 -6.505157130515778939e-14 1.095566860483280732e-09 2.182814823919814328e-09 2.320954940072652118e-09 5.890785641635862260e-09 1.872909599301482963e-09 0.000000000000000000e+00 -6.178607714023493271e-14 1.879791330569038828e-16 3.573168576082040375e-10 0.000000000000000000e+00 -3.580570235250906431e-11 0.000000000000000000e+00 0.000000000000000000e+00 7.844958986987950536e-03
4.960481885897916072e+04 4.546109406390195545e+03 0.000000000000000000e+00 1.783433726401427180e+02 -2.559049522601242679e-12 -5.400974621542617686e-13 -5.174042174973863029e-11 -1.008984161478700321e-13 -6.505157130515778939e-14 1.064875987172784628e-09 2.097605010919206171e-09 2.240723289039481251e-09 5.800652909272419543e-09 1.862289835117793597e-09 0.000000000000000000e+00 -6.178607714023493271e-14 1.088877799131188517e-16 3.572999898790180666e-10 0.000000000000000000e+00 -3.580570235250906431e-11 0.000000000000000000e+00 0.000000000000000000e+00 7.730690859420016187e-03
5.302999356229168916e+04 4.854375129688322886e+03 0.000000000000000000e+00 1.314390467262609832e+02 -2.559049522601242679e-12 -5.400974621542617686e-13 -5.174042174973863029e-11 -1.008984161478700321e-13 -6.505157130515778939e-14 1.033669133986017998e-09 2.012223069962499490e-09 2.159976296293466003e-09 5.688613872138357358e-09 1.851235560256525438e-09 0.000000000000000000e+00 -6.178607714023493271e-14 6.210691283051151986e-17 3.572823466820900085e-10 0.000000000000000000e+00 -3.580570235250906431e-11 0.000000000000000000e+00 0.000000000000000000e+00 7.573320863465684075e-03
5.645516826560421759e+04 5.162640852986450227e+03 0.000000000000000000e+00 8.414593141678756183e+01 -2.559049522601242679e-12 -5.400974621542617686e-13 -5.174042174973863029e-11 -1.008984161478700321e-13 -6.505157130515778939e-14 1.002266627738535949e-09 1.927541983966421898e-09 2.079499103827035712e-09 5.557270704245579764e-09 1.839831302134680445e-09 0.000000000000000000e+00 -6.178607714023493271e-14 3.556714930415075622e-17 3.572640622054862382e-10 0.000000000000000000e+00 -3.580570235250906431e-11 0.000000000000000000e+00 0.000000000000000000e+00 7.396720999453051427e-03
5.815227959554025438e+04 5.315380872680693756e+03 0.000000000000000000e+00 6.052854874069046076e+01 -2.559049522601242679e-12 -5.400974621542617686e-13 -5.174042174973863029e-11 -1.008984161478700321e-13 -6.505157130515778939e-14 9.865762618750832109e-10 1.885717574831346176e-09 2.039601106667159910e-09 5.482702552136549294e-09 1.834022396226907433e-09 0.000000000000000000e+00 -6.178607714023493271e-14 2.670988308057674629e-17 3.572547132030731060e-10 0.000000000000000000e+00 -3.580570235250906431e-11 0.000000000000000000e+00 0.000000000000000000e+00 7.310377648736275484e-03
5.857655742802426539e+04 5.353565877604254638e+03 0.000000000000000000e+00 5.453883032625826388e+01 -2.559049522601242679e-12 -5.400974621542617686e-13 -5.174042174973863029e-11 -1.008984161478700321e-13 -6.505157130515778939e-14 9.825718330752711264e-10 1.875121585499380477e-09 2.029479383024426300e-09 5.460365550034593172e-09 1.832525702285679482e-09 0.000000000000000000e+00 -6.178607714023493271e-14 2.465020271252039237e-17 3.572522977233411747e-10 0.000000000000000000e+00 -3.580570235250906431e-11 0.000000000000000000e+00 0.000000000000000000e+00 7.312798052200542194e-03
5.900083526050827641e+04 5.391750882527815520e+03 0.000000000000000000e+00 4.848459869109455411e+01 -2.559049522601242679e-12 -5.400974621542617686e-13 -5.174042174973863029e-11 -1.008984161478700321e-13 -6.505157130515778939e-14 9.785033761990664602e-10 1.864400037926618509e-09 2.019233158259034081e-09 5.435119954697673396e-09 1.830998320268158872e-09 0.000000000000000000e+00 -6.178607714023493271e-14 2.275843168148007649e-17 3.572498289153664523e-10 0.000000000000000000e+00 -3.580570235250906431e-11 0.000000000000000000e+00 0.000000000000000000e+00 7.293261021606849658e-03
5.964423468408649933e+04 5.449656830649855692e+03 0.000000000000000000e+00 3.919815458197660973e+01 -2.559049522601242679e-12 -5.400974621542617686e-13 -5.174042174973863029e-11 -1.008984161478700321e-13 -6.505157130515778939e-14 9.722217449958492046e-10 1.847924903454504839e-09 2.003478814478654103e-09 5.391190073327145389e-09 1.828626952125057580e-09 0.000000000000000000e+00 -6.178607714023493271e-14 2.014532915586407124e-17 3.572459882560038868e-10 0.000000000000000000e+00 -3.580570235250906431e-11 0.000000000000000000e+00 0.000000000000000000e+00 7.265662717283013355e-03
5.972392536794616899e+04 5.456828992197225489e+03 0.000000000000000000e+00 3.803968269429144300e+01 -2.559049522601242679e-12 -5.400974621542617686e-13 -5.174042174973863029e-11 -1.008984161478700321e-13 -6.505157130515778939e-14 9.714340781031923467e-10 1.845865593005165939e-09 2.001508747232723988e-09 5.385235145833058237e-09 1.828328453158761796e-09 0.000000000000000000e+00 -6.178607714023493271e-14 1.983798915901028849e-17 3.572455040854370264e-10 0.000000000000000000e+00 -3.580570235250906431e-11 0.000000000000000000e+00 0.000000000000000000e+00 7.263921884228332487e-03
5.976310779624919815e+04 5.460355410744497931e+03 0.000000000000000000e+00 3.746868412580978713e+01 -2.559049522601242679e-12 -5.400974621542617686e-13 -5.174042174973863029e-11 -1.008984161478700321e-13 -6.505157130515778939e-14 9.710450670072570614e-10 1.844849363395966985e-09 2.000536518666574521e-09 5.382219752559090406e-09 1.828180910737347049e-09 0.000000000000000000e+00 -6.178607714023493271e-14 1.968772845803985633e-17 3.572452646564655658e-10 0.000000000000000000e+00 -3.580570235250906431e-11 0.000000000000000000e+00 0.000000000000000000e+00 7.264111610542373781e-03
5.978598992516958242e+04 5.462414802347332625e+03 0.000000000000000000e+00 3.621723325523871040e+01 -2.559049522601242679e-12 -5.400974621542617686e-13 -5.174042174973863029e-11 -1.008984161478700321e-13 -6.505157130515778939e-14 9.520551624853008216e-10 1.808273643472695791e-09 1.961442961863921388e-09 5.303563348523198541e-09 1.807792314336829754e-09 0.000000000000000000e+00 -6.178607714023493271e-14 1.964790316765849572e-17 3.565844043037747975e-10 0.000000000000000000e+00 -3.580570235250906431e-11 0.000000000000000000e+00 0.000000000000000000e+00 7.152932765582591980e-03
5.980027404437070072e+04 5.463700373075433163e+03 0.000000000000000000e+00 3.498742916592120622e+01 -2.559049522601242679e-12 -5.400974621542617686e-13 -5.174042174973863029e-11 -1.008984161478700321e-13 -6.505157130515778939e-14 9.312035963600735639e-10 1.768248514186130038e-09 1.918624758230953332e-09 5.217453740702053542e-09 1.785030135914241443e-09 0.000000000000000000e+00 -6.178607714023493271e-14 1.964493843420551826e-17 3.558225854499979936e-10 0.000000000000000000e+00 -3.580570235250906431e-11 0.000000000000000000e+00 0.000000000000000000e+00 7.027231626475145300e-03
5.981455816357181902e+04 5.464985943803533701e+03 0.000000000000000000e+00 3.363645849020796419e+01 -2.559049522601242679e-12 -5.400974621542617686e-13 -5.174042174973863029e-11 -1.008984161478700321e-13 -6.505157130515778939e-14 9.082281655726605192e-10 1.724242779915667913e-09 1.871536163140099395e-09 5.121534015548744579e-09 1.759505703338665490e-09 0.000000000000000000e+00 -6.178607714023493271e-14 -3.090050650810211348e-17 3.549362780256584200e-10 0.000000000000000000e+00 -3.580570235250906431e-11 0.000000000000000000e+00 0.000000000000000000e+00 6.890168260841151963e-03
5.983649498595359182e+04 5.466960257817892852e+03 0.000000000000000000e+00 3.143985840056668124e+01 -2.559049522601242679e-12 -5.400974621542617686e-13 -5.174042174973863029e-11 -1.008984161478700321e-13 -6.505157130515778939e-14 8.714028838741338145e-10 1.653878735966635127e-09 1.796219077422914111e-09 4.965052643069946537e-09 1.717656525874343525e-09 0.000000000000000000e+00 -6.178607714023493271e-14 -6.532927583724071008e-17 3.534159260108256680e-10 0.000000000000000000e+00 -3.580570235250906431e-11 0.000000000000000000e+00 0.000000000000000000e+00 6.666979750665822865e-03
5.985843180833536462e+04 5.468934571832252004e+03 0.000000000000000000e+00 2.919098040649655701e+01 -2.559049522601242679e-12 -5.400974621542617686e-13 -5.174042174973863029e-11 -1.008984161478700321e-13 -6.505157130515778939e-14 8.348237659945673703e-10 1.584170397677297565e-09 1.721569024703324209e-09 4.807046566256071446e-09 1.674841157291533131e-09 0.000000000000000000e+00 -6.178607714023493271e-14 -7.210064855100559374e-17 3.517698813631736412e-10 0.000000000000000000e+00 -3.580570235250906431e-11 0.000000000000000000e+00 0.000000000000000000e+00 6.440440990909548392e-03
5.988036863071713742e+04 5.470908885846611156e+03 0.000000000000000000e+00 2.690856267012466319e+01 -2.559049522601242679e-12 -5.400974621542617686e-13 -5.174042174973863029e-11 -1.008984161478700321e-13 -6.505157130515778939e-14 7.989868506575251218e-10 1.516034087883330639e-09 1.648562638065118375e-09 4.650196465200685390e-09 1.631629282731561498e-09 0.000000000000000000e+00 -6.178607714023493271e-14 -7.014992767264894324e-17 3.500146578661046383e-10 0.000000000000000000e+00 -3.580570235250906431e-11 0.000000000000000000e+00 0.000000000000000000e+00 6.216840686068082072e-03
5.991624160033072258e+04 5.474137453111833565e+03 0.000000000000000000e+00 2.299027111445733240e+01 -2.559049522601242679e-12 -5.400974621542617686e-13 -5.174042174973863029e-11 -1.008984161478700321e-13 -6.505157130515778939e-14 7.421089373123463304e-10 1.408331711855537136e-09 1.533213730411264267e-09 4.342379616218639797e-09 1.560899605563391531e-09 0.000000000000000000e+00 -6.178607714023493271e-14 -6.841108175900593074e-17 3.470003585621297691e-10 0.000000000000000000e+00 -3.580570235250906431e-11 0.000000000000000000e+00 0.000000000000000000e+00 5.864061882644566216e-03
5.995211456994430773e+04 5.477366020377055975e+03 0.000000000000000000e+00 1.887715362049867096e+01 -2.559049522601242679e-12 -5.400974621542617686e-13 -5.174042174973863029e-11 -1.008984161478700321e-13 -6.505157130515778939e-14 6.873358176900430469e-10 1.304949986876905031e-09 1.422442615912348439e-09 4.015235155670957947e-09 1.489933126963486692e-09 0.000000000000000000e+00 -6.178607714023493271e-14 -6.783146645445825579e-17 3.437598023233556929e-10 0.000000000000000000e+00 -3.580570235250906431e-11 0.000000000000000000e+00 0.000000000000000000e+00 5.471354199668896322e-03
5.998798753955789289e+04 5.480594587642278384e+03 0.000000000000000000e+00 1.454604696534932629e+01 -2.559049522601242679e-12 -5.400974621542617686e-13 -5.174042174973863029e-11 -1.008984161478700321e-13 -6.505157130515778939e-14 6.351950496607358138e-10 1.206791405730133177e-09 1.317203740025568850e-09 3.677043753772459658e-09 1.419612761921205258e-09 0.000000000000000000e+00 -6.178607714023493271e-14 -6.763826135294236004e-17 3.403282622275186068e-10 0.000000000000000000e+00 -3.580570235250906431e-11 0.000000000000000000e+00 0.000000000000000000e+00 5.083353885995165779e-03
6.002386050917147804e+04 5.483823154907500793e+03 0.000000000000000000e+00 9.942345968768263376e+00 -2.559049522601242679e-12 -5.400974621542617686e-13 -5.174042174973863029e-11 -1.008984161478700321e-13 -6.505157130515778939e-14 5.863085072269216595e-10 1.114975695708328162e-09 1.218705479468082282e-09 3.331708173704249801e-09 1.351054452668129769e-09 0.000000000000000000e+00 -6.178607714023493271e-14 -6.757385965243706967e-17 3.367629754906566048e-10 0.000000000000000000e+00 -3.580570235250906431e-11 0.000000000000000000e+00 0.000000000000000000e+00 4.702160379171904311e-03
6.005973347878506320e+04 5.487051722172723203e+03 0.000000000000000000e+00 4.977176843079187840e+00 -2.559049522601242679e-12 -5.400974621542617686e-13 -5.174042174973863029e-11 -1.008984161478700321e-13 -6.505157130515778939e-14 5.415466880624513166e-10 1.031070024146215031e-09 1.128629253218895835e-09 2.993137666937030870e-09 1.285827821729394678e-09 0.000000000000000000e+00 -6.178607714023493271e-14 -6.755239241893530621e-17 3.331500534393208249e-10 0.000000000000000000e+00 -3.580570235250906431e-11 0.000000000000000000e+00 0.000000000000000000e+00 4.335914945703570750e-03
6.007764211452049494e+04 5.488663499388911987e+03 0.000000000000000000e+00 2.332057351372280873e+00 -2.559049522601242679e-12 -5.400974621542617686e-13 -5.174042174973863029e-11 -1.008984161478700321e-13 -6.505157130515778939e-14 5.209594803947055535e-10 9.925261236126101694e-10 1.087220149164885837e-09 2.833692896363090806e-09 1.254899827550117618e-09 0.000000000000000000e+00 -6.178607714023493271e-14 -6.755060903367853240e-17 3.313483497839812037e-10 0.000000000000000000e+00 -3.580570235250906431e-11 0.000000000000000000e+00 0.000000000000000000e+00 4.160936553024421024e-03
