0.000000000000000000e+00 6.647465335360261918e+01 0.000000000000000000e+00 7.852207106968565995e+02 2.581984252113618520e-06 2.581506684208283682e-07 1.343233517151256782e-07 2.279001722270294694e-09 2.297534199638070143e-09 1.520797408699658353e-06 2.657573616857205159e-06 3.039361211928280849e-06 3.410451591089857117e-06 4.192682817851445494e-06 4.392036457358141675e-06 5.672887385102539917e-06 6.856140591733063667e-06 6.109994537372544500e-06 0.000000000000000000e+00 5.073028924522273288e-09 0.000000000000000000e+00 0.000000000000000000e+00 2.275176789694838320e+01
8.647494383001279317e-02 6.648243609854732483e+01 0.000000000000000000e+00 7.852060431428706124e+02 2.581710989981382261e-06 2.581454821202962953e-07 1.343227949580172639e-07 2.278998364491767560e-09 2.297530947347201499e-09 1.520797377979990253e-06 2.657573538062324806e-06 3.039361133557386226e-06 3.410451584249159319e-06 4.192682801215456676e-06 4.392009996185557699e-06 5.672879930116943245e-06 6.856138298992166221e-06 6.109994537160496578e-06 0.000000000000000000e+00 5.073217054510898645e-09 0.000000000000000000e+00 0.000000000000000000e+00 2.278276837747446848e+01
1.447178734043706072e+02 7.949926195999597667e+01 0.000000000000000000e+00 7.611061769394368639e+02 2.177937646301522888e-06 2.494739703944450569e-07 1.333731163077718928e-07 2.273313131729195806e-09 2.292029767876702644e-09 1.520744352398718375e-06 2.657437299866979780e-06 3.039225881319851312e-06 3.410439508405045385e-06 4.192654065581020795e-06 4.347568785216124108e-06 5.660268386904195101e-06 6.852253931576485843e-06 6.109994169671231546e-06 0.000000000000000000e+00 5.242691896985726141e-09 0.000000000000000000e+00 0.000000000000000000e+00 2.252712418236901115e+01
5.230270143551869069e+02 1.135470846455694414e+02 0.000000000000000000e+00 6.995544873931677330e+02 1.325480672457467497e-06 2.270601178477201529e-07 1.308154395482390060e-07 2.258150794818955422e-09 2.277378529996665340e-09 1.520598294850375183e-06 2.657061367236088074e-06 3.038853607877315419e-06 3.410404343659105318e-06 4.192574794608010560e-06 4.230169495989551906e-06 5.626492276891581563e-06 6.841820166588155925e-06 6.109993150802898169e-06 0.000000000000000000e+00 5.455871912791668939e-09 0.000000000000000000e+00 0.000000000000000000e+00 2.198113030119592182e+01
9.013361553060032065e+02 1.475949073311429061e+02 0.000000000000000000e+00 6.397863731621150691e+02 7.414702747099524929e-07 2.051048086448772063e-07 1.281584380814726077e-07 2.242582807334868973e-09 2.262361512634478370e-09 1.520441785066629879e-06 2.656657824139828426e-06 3.038455183396796774e-06 3.410363454418497998e-06 4.192489659858878660e-06 4.110883396798351647e-06 5.591509341425121242e-06 6.830967768785214238e-06 6.109992049284369510e-06 0.000000000000000000e+00 5.196967224868908457e-09 0.000000000000000000e+00 0.000000000000000000e+00 2.158703831480356783e+01
1.279645296256819620e+03 1.816427300167163708e+02 0.000000000000000000e+00 5.812718223881969379e+02 3.723737310759673410e-07 1.841064115315236064e-07 1.254244799726351112e-07 2.226664889691578584e-09 2.247027047147730841e-09 1.520275456683289394e-06 2.656228748401636945e-06 3.038032383940719254e-06 3.410315646929825748e-06 4.192398990514015825e-06 3.989967697222806032e-06 5.555271389668737875e-06 6.819674843881421233e-06 6.109990871294966066e-06 0.000000000000000000e+00 4.462364923315726066e-09 0.000000000000000000e+00 0.000000000000000000e+00 2.131578409583112688e+01
1.657954437207635920e+03 2.156905527022898355e+02 0.000000000000000000e+00 5.234926044495647375e+02 1.559966265265115081e-07 1.643765360258778900e-07 1.226394061480690959e-07 2.210470980693446126e-09 2.231440279751789884e-09 1.520100488191330697e-06 2.655777641123813077e-06 3.037588351221316717e-06 3.410259732112791992e-06 4.192303430408494795e-06 3.867869161968965139e-06 5.517823128377189665e-06 6.807950845710333866e-06 6.109989627760601399e-06 0.000000000000000000e+00 4.274450721697952156e-09 0.000000000000000000e+00 0.000000000000000000e+00 2.113319253454707081e+01
2.036263578158452219e+03 2.497383753878633001e+02 0.000000000000000000e+00 4.660337269336192776e+02 4.291652967797718016e-08 1.460736618079935191e-07 1.198201242501219175e-07 2.194045907269652643e-09 2.215639423942477540e-09 1.519917450352267062e-06 2.655306534327833513e-06 3.037124854020337108e-06 3.410193087522399094e-06 4.192203281376847296e-06 3.744702400770763280e-06 5.479121320305476530e-06 6.795778098785975608e-06 6.109988324784329159e-06 0.000000000000000000e+00 3.086591281215019652e-09 0.000000000000000000e+00 0.000000000000000000e+00 2.102027518074176982e+01
2.721929220134988554e+03 3.114482831657515476e+02 0.000000000000000000e+00 3.617298753479602738e+02 -2.311724339751292198e-08 1.166877750160697338e-07 1.146655936641232052e-07 2.163799329727058963e-09 2.186551094098374042e-09 1.519566461942052489e-06 2.654406729139220138e-06 3.036239532240309261e-06 3.410032774736922529e-06 4.192010764093351005e-06 3.519245387754374438e-06 5.405670019950672888e-06 6.772520776735977545e-06 6.109985826969155604e-06 0.000000000000000000e+00 3.474541789277898818e-09 0.000000000000000000e+00 0.000000000000000000e+00 2.091077452126269876e+01
3.407594862111524890e+03 3.731581909436397950e+02 0.000000000000000000e+00 2.560931909261161081e+02 -2.727698501142243635e-08 9.201012790651568921e-08 1.094719887107910051e-07 2.132932090083168047e-09 2.156863350406090019e-09 1.519188330665558061e-06 2.653445020134509806e-06 3.035292749809000569e-06 3.409778293086749600e-06 4.191802612570057395e-06 3.289649014551175717e-06 5.327069247968916896e-06 6.747409922711369790e-06 6.109983140733130082e-06 0.000000000000000000e+00 -4.287951473542063481e-09 0.000000000000000000e+00 0.000000000000000000e+00 2.089450096960928605e+01
4.093260504088061225e+03 4.348680987215280425e+02 0.000000000000000000e+00 1.480745410601313097e+02 -1.791795275200301061e-08 7.141197281456639490e-08 1.041910796668249855e-07 2.101132579629725913e-09 2.126268796951944050e-09 1.518771691500858926e-06 2.652398743900344778e-06 3.034262241191963543e-06 3.409267334280196380e-06 4.191572092430398415e-06 3.051259253104035773e-06 5.240827055298821646e-06 6.719580967332247928e-06 6.109980182109589388e-06 0.000000000000000000e+00 -9.298256369529829987e-09 0.000000000000000000e+00 0.000000000000000000e+00 2.097915932796447080e+01
4.778926146064597560e+03 4.965780064994162899e+02 0.000000000000000000e+00 3.703362746713642650e+01 -1.120588829347982196e-08 5.442975476743383934e-08 9.878126954446267958e-08 2.068057347066696339e-09 2.094436107769291478e-09 1.518303218852030822e-06 2.651241018679658869e-06 3.033121625620983369e-06 3.408081573436438382e-06 4.191311143538078823e-06 2.800955125238794371e-06 5.144298471426188955e-06 6.688043292897220585e-06 6.109976847072636808e-06 0.000000000000000000e+00 -1.107526980100932898e-08 0.000000000000000000e+00 0.000000000000000000e+00 2.108766976551677885e+01
