0.000000000000000000e+00 5.736600833723765192e+01 0.000000000000000000e+00 7.878282346972474670e+02 6.085306583456249903e-06 1.052362061963623241e-07 2.370111104466848489e-08 2.401713947706210780e-10 1.756248179847728838e-10 2.465506421956468301e-08 5.618382242303163152e-08 5.684806564478353351e-08 9.856427944959698993e-08 3.204405075689389303e-08 1.675424302493609024e-10 1.022413995760377610e-09 2.482337898259650542e-09 5.625668885162591416e-09 0.000000000000000000e+00 7.875469344620919852e-09 0.000000000000000000e+00 0.000000000000000000e+00 3.621542065094916829e+00
7.742642536905482153e-02 5.737297671552086342e+01 0.000000000000000000e+00 7.878098272877372210e+02 6.084876973583102749e-06 1.052302159357667910e-07 2.370047070137632593e-08 2.401688684654172061e-10 1.756223177657015993e-10 2.465499706029392322e-08 5.618365578411449414e-08 5.684789782339420073e-08 9.856426539711536006e-08 3.204401015370095300e-08 1.673193562243412180e-10 1.021641300368318919e-09 2.481258355315424217e-09 5.625668185170778627e-09 0.000000000000000000e+00 7.876306094650861688e-09 0.000000000000000000e+00 0.000000000000000000e+00 3.625999741908167096e+00
6.262566361309011853e+01 6.300231806241576038e+01 0.000000000000000000e+00 7.729159279126478168e+02 5.747617816485586278e-06 1.004405969376173600e-07 2.317264950490605210e-08 2.380511775935667345e-10 1.735290976043020791e-10 2.459727854517428500e-08 5.604068654999521280e-08 5.670388941941609011e-08 9.855202966474763936e-08 3.200882786158218741e-08 -2.402216038667546907e-11 5.240157348020527233e-10 1.773392406660659043e-09 5.625048898344101656e-09 0.000000000000000000e+00 8.474497193799452457e-09 0.000000000000000000e+00 0.000000000000000000e+00 3.435230461007740210e+00
2.106378792336923880e+02 7.632341746826995177e+01 0.000000000000000000e+00 7.375771783082949469e+02 4.986548745227246798e-06 8.932209047540849754e-08 2.188420865105639281e-08 2.327302484716301011e-10 1.682831789529239034e-10 2.444615291997091941e-08 5.566739439183500417e-08 5.632777625937677601e-08 9.851935182521852658e-08 3.191543241887862113e-08 -1.749503777495706035e-10 -2.759414095862658213e-11 4.016643174699436559e-10 5.623346285504924197e-09 0.000000000000000000e+00 9.590520488918647462e-09 0.000000000000000000e+00 0.000000000000000000e+00 3.004378627282722203e+00
3.586500948542946503e+02 8.964451687412415026e+01 0.000000000000000000e+00 7.021122121514590617e+02 4.274995442729823838e-06 7.852437307302080326e-08 2.054154426313643617e-08 2.269534537738485547e-10 1.626127570361146310e-10 2.427283044410673328e-08 5.524094483829332763e-08 5.589798888363894330e-08 9.848026905567997759e-08 3.180634161489534909e-08 -2.252597835372023063e-10 -2.114640995455196495e-10 -5.557837892696150766e-11 5.621264664552540042e-09 0.000000000000000000e+00 1.030680260473919982e-08 0.000000000000000000e+00 0.000000000000000000e+00 2.602386924691837855e+00
5.066623104748969126e+02 1.029656162799783488e+02 0.000000000000000000e+00 6.664962262120340029e+02 3.618144865666321582e-06 6.813938268409939176e-08 1.914015830533734700e-08 2.206292645645088468e-10 1.564416176488037674e-10 2.407158009053280762e-08 5.474780869339514663e-08 5.540085567806740820e-08 9.843286330033579212e-08 3.167717009922985116e-08 -2.420295854664128739e-10 -2.727540857411506375e-10 -6.168020461122863920e-10 5.618678981130286353e-09 0.000000000000000000e+00 1.062813624560517008e-08 0.000000000000000000e+00 0.000000000000000000e+00 2.229714576468901477e+00
7.438905389534796768e+02 1.243161568430507913e+02 0.000000000000000000e+00 6.090555046560673418e+02 2.682893542549599282e-06 5.260622301908654708e-08 1.677647247606376630e-08 2.091178674640541790e-10 1.453416311759826272e-10 2.367262654995528148e-08 5.377620197601240028e-08 5.442113559284927336e-08 9.833056267944505155e-08 3.141361821039974477e-08 -2.563892498775198315e-10 -3.252355424241675469e-10 -8.998955157031130765e-10 5.613027987099397238e-09 0.000000000000000000e+00 1.045320578432409405e-08 0.000000000000000000e+00 0.000000000000000000e+00 1.697977637968858033e+00
9.811187674320624410e+02 1.456666974061232338e+02 0.000000000000000000e+00 5.511049497159593784e+02 1.893254729349389806e-06 3.866234394262657687e-08 1.428656343967783627e-08 1.956783013801017034e-10 1.326237944051731322e-10 2.315728941675259094e-08 5.252993517271212594e-08 5.316421347530808203e-08 9.818320316919801583e-08 3.106159488427706545e-08 -2.611758046812221162e-10 -3.427293613185065167e-10 -9.942600055667220747e-10 5.604891987389964796e-09 0.000000000000000000e+00 9.579036095590453222e-09 0.000000000000000000e+00 0.000000000000000000e+00 1.246207856019368121e+00
1.406836136585554868e+03 1.839812606299375375e+02 0.000000000000000000e+00 4.452550690072695829e+02 8.367453534173954457e-07 1.923141880358255872e-08 9.725478181565262253e-09 1.653561788359453040e-10 1.053280488955507323e-10 2.179287555674161252e-08 4.926650078903728938e-08 4.987364147567690992e-08 9.766928521682344170e-08 3.008033533159545195e-08 -2.663140139571280427e-10 -3.615084009827728540e-10 -1.095557184230233643e-09 5.579852077196112992e-09 0.000000000000000000e+00 7.237581073216747568e-09 0.000000000000000000e+00 0.000000000000000000e+00 6.360178598923162951e-01
1.617746596793987919e+03 2.029632020486965018e+02 0.000000000000000000e+00 3.940997349225553990e+02 4.885733091667808132e-07 1.196198724627168514e-08 7.488966597275175443e-09 1.478975400422625989e-10 9.028359675622288063e-11 2.092151400314374055e-08 4.719446208007868738e-08 4.778469534944168823e-08 9.727062860490456761e-08 2.943477493674559082e-08 -2.667343958810733973e-10 -3.630448056716453983e-10 -1.103844799734040614e-09 5.562748396046503449e-09 0.000000000000000000e+00 5.485322870517565256e-09 0.000000000000000000e+00 0.000000000000000000e+00 4.307413491434362585e-01
1.828657057002420970e+03 2.219451434674554662e+02 0.000000000000000000e+00 3.470381050495099657e+02 2.519584902952100033e-07 6.573167864400106141e-09 5.493731115867365372e-09 1.301434266387076678e-10 7.568163331501639126e-11 2.000736427980182480e-08 4.501924443352474958e-08 4.559221362001768230e-08 9.677520177138129069e-08 2.875815073389202348e-08 -2.668745231890551649e-10 -3.635569405679362636e-10 -1.106607338235309536e-09 5.545662101580818566e-09 0.000000000000000000e+00 3.539931947847381154e-09 0.000000000000000000e+00 0.000000000000000000e+00 2.884556692229107711e-01
1.919355348749885025e+03 2.301079897247272186e+02 0.000000000000000000e+00 3.283818960486050855e+02 1.815041054886635169e-07 4.918460821019786231e-09 4.752918543398772095e-09 1.228428028989885375e-10 6.990825590469309856e-11 1.963627228994935228e-08 4.413291791218740203e-08 4.469915921411630688e-08 9.654700950277250322e-08 2.848823646898463232e-08 -2.668831609961380190e-10 -3.635885098780034362e-10 -1.106777628202172949e-09 5.539394726954029419e-09 0.000000000000000000e+00 2.803663287750002341e-09 0.000000000000000000e+00 0.000000000000000000e+00 2.454799367852154857e-01
2.010053640497349079e+03 2.382708359819989710e+02 0.000000000000000000e+00 3.114422302948390779e+02 1.269185829046615408e-07 3.685327398110179466e-09 4.155336071643006426e-09 1.168071952344598190e-10 6.528495333568952775e-11 1.936314902383438607e-08 4.347290890816821067e-08 4.403478262349660505e-08 9.635894526721817742e-08 2.830032575754227823e-08 -2.668860402651656026e-10 -3.635990329813591949e-10 -1.106834391524460891e-09 5.535701088147377559e-09 0.000000000000000000e+00 2.152200244197938617e-09 0.000000000000000000e+00 0.000000000000000000e+00 2.122749500165696801e-01
2.100751932244812906e+03 2.464336822392707234e+02 0.000000000000000000e+00 3.005923156578705857e+02 8.428625102164113768e-08 3.032785577632928777e-09 3.889209952244775489e-09 1.143351023804136357e-10 6.346885789384761622e-11 1.926893330775679581e-08 4.324350004601792962e-08 4.380440441355740709e-08 9.629233561252345561e-08 2.823666154960382066e-08 -2.668870000215081133e-10 -3.636025406824777811e-10 -1.106853312631890205e-09 5.534467753110395479e-09 0.000000000000000000e+00 1.392377426549187392e-09 0.000000000000000000e+00 0.000000000000000000e+00 1.868461610416628227e-01
2.191450223992276733e+03 2.545965284965424758e+02 0.000000000000000000e+00 2.928669562162587567e+02 5.143369385510560859e-08 2.594406541516750871e-09 3.736403732945257957e-09 1.130737291802559979e-10 6.261168703054334891e-11 1.923498570457875597e-08 4.315926681499838118e-08 4.372039585338684638e-08 9.626671295283981495e-08 2.821466566259359155e-08 -2.668873199402889329e-10 -3.636037099161839593e-10 -1.106859619667699839e-09 5.534055272036611351e-09 0.000000000000000000e+00 6.458274097215189695e-10 0.000000000000000000e+00 0.000000000000000000e+00 1.672732648503378050e-01
2.282148515739740560e+03 2.627593747538142566e+02 0.000000000000000000e+00 2.870326548363328811e+02 2.794421659108881785e-08 2.232835820105800439e-09 3.618883014129886757e-09 1.121995481252291430e-10 6.207080185680747135e-11 1.922122440243133455e-08 4.312357410120736055e-08 4.368542551181652525e-08 9.625467326207316084e-08 2.820660904347549480e-08 -2.668874265798825050e-10 -3.636040996607526854e-10 -1.106861722012969717e-09 5.533916572960609772e-09 0.000000000000000000e+00 1.313117664481952344e-10 0.000000000000000000e+00 0.000000000000000000e+00 1.533121133711547457e-01
2.372846807487204387e+03 2.709222210110860374e+02 0.000000000000000000e+00 2.824658978535166511e+02 1.326203410766481191e-08 1.905794674207711244e-09 3.509552360448278447e-09 1.114264664113877557e-10 6.162372139795752211e-11 1.921411438160222529e-08 4.310372325070969648e-08 4.366657387557871467e-08 9.624687253524952979e-08 2.820318451784957368e-08 -2.668874621264137129e-10 -3.636042295756089274e-10 -1.106862422794726343e-09 5.533869133407616950e-09 0.000000000000000000e+00 -4.019344797624605368e-11 0.000000000000000000e+00 0.000000000000000000e+00 1.446209453556699942e-01
2.395521380424070230e+03 2.729629325754039542e+02 0.000000000000000000e+00 2.814909218321722051e+02 1.081408682626533658e-08 1.829172504768898656e-09 3.483063664580158540e-09 1.112436555782288378e-10 6.152220320372292340e-11 1.921309420009463440e-08 4.310055770078716781e-08 4.366369424686092476e-08 9.624539308398225341e-08 2.820285793296166562e-08 -2.668874628669664399e-10 -3.636042322821684486e-10 -1.106862437394346281e-09 5.533867728676154153e-09 0.000000000000000000e+00 -4.376647327675527249e-11 0.000000000000000000e+00 0.000000000000000000e+00 1.431732882099860937e-01
2.418195953360936073e+03 2.750036441397218709e+02 0.000000000000000000e+00 2.805581217742476383e+02 8.766254095825785717e-09 1.754289686978538985e-09 3.456457701347307610e-09 1.110597193188081533e-10 6.142052409628912079e-11 1.921211231184227629e-08 4.309747277469770697e-08 4.366090416259017668e-08 9.624391878530504246e-08 2.820256147949054839e-08 -2.668874631138173490e-10 -3.636042331843549556e-10 -1.106862442260886191e-09 5.533866954744398523e-09 0.000000000000000000e+00 -4.495748171025833466e-11 0.000000000000000000e+00 0.000000000000000000e+00 1.419586732923513173e-01
2.448301751511854945e+03 2.777131659733045694e+02 0.000000000000000000e+00 2.791616008548398327e+02 6.424678107233834665e-09 1.651608246339543921e-09 3.418644560011921472e-09 1.107987622525304772e-10 6.127661178069734901e-11 1.921072692305827473e-08 4.309309865635077510e-08 4.365695977851525631e-08 9.624180009601778704e-08 2.820215123999205038e-08 -2.668874632588732921e-10 -3.636042337145029718e-10 -1.106862445120590190e-09 5.533866115478501859e-09 0.000000000000000000e+00 -4.565734891101410867e-11 0.000000000000000000e+00 0.000000000000000000e+00 1.405597216416474005e-01
2.478407549662773818e+03 2.804226878068872679e+02 0.000000000000000000e+00 2.777375400221495738e+02 4.647501016190360052e-09 1.550634697344528238e-09 3.379622024924910388e-09 1.105282944513180811e-10 6.112782314221904008e-11 1.920929597764779500e-08 4.308856599329591640e-08 4.365288232195328187e-08 9.623957495394560141e-08 2.820173170251880684e-08 -2.668874633072252560e-10 -3.636042338912189428e-10 -1.106862446073824856e-09 5.533865375071817282e-09 0.000000000000000000e+00 -4.589063797793269785e-11 0.000000000000000000e+00 0.000000000000000000e+00 1.394814587789399984e-01
2.530309645059692684e+03 2.850938763926099568e+02 0.000000000000000000e+00 2.753124992804152953e+02 2.573880749050089400e-09 1.385527883492366202e-09 3.311460893850155684e-09 1.100513898027671695e-10 6.086601593526071552e-11 1.920677018946219287e-08 4.308055089134804603e-08 4.364568484060571193e-08 9.623560006002626747e-08 2.820099305037769147e-08 -2.668874633551282158e-10 -3.636042340662939425e-10 -1.106862447018207862e-09 5.533864115102104264e-09 0.000000000000000000e+00 -4.612176068920028788e-11 0.000000000000000000e+00 0.000000000000000000e+00 1.381780278298888054e-01
2.582211740456611551e+03 2.897650649783326458e+02 0.000000000000000000e+00 2.729143271097086085e+02 1.418986539350141238e-09 1.233440150218124714e-09 3.242839541511605113e-09 1.095647958773636858e-10 6.059938071691204106e-11 1.920418638366844804e-08 4.307233953166424639e-08 4.363832256674486809e-08 9.623147492961381114e-08 2.820023901236027979e-08 -2.668874633710959036e-10 -3.636042341246522585e-10 -1.106862447333002198e-09 5.533862867290853545e-09 0.000000000000000000e+00 -4.619880159295614907e-11 0.000000000000000000e+00 0.000000000000000000e+00 1.374096741779891884e-01
2.634113835853530418e+03 2.944362535640553347e+02 0.000000000000000000e+00 2.705356821626173769e+02 8.065710815857678831e-10 1.095518462184515468e-09 3.174532174319447974e-09 1.090731164009759507e-10 6.033023823577686869e-11 1.920156526838557146e-08 4.306400438753035394e-08 4.363085570373465832e-08 9.622723254708310889e-08 2.819947458260780864e-08 -2.668874633764185006e-10 -3.636042341441050649e-10 -1.106862447437933574e-09 5.533861614724085236e-09 0.000000000000000000e+00 -4.622448189420810280e-11 0.000000000000000000e+00 0.000000000000000000e+00 1.369639691017615901e-01
2.734377680621553736e+03 3.034599995931774288e+02 0.000000000000000000e+00 2.659703331022631687e+02 4.149700166827505081e-10 8.673789429772415971e-10 3.044824151714057109e-09 1.081173956271322152e-10 5.980748009960043379e-11 1.919643584072222258e-08 4.304768988474727405e-08 4.361624979268082319e-08 9.621876089127497276e-08 2.819797878021183331e-08 -2.668874633782241842e-10 -3.636042341507044670e-10 -1.106862447473532119e-09 5.533859173246373278e-09 0.000000000000000000e+00 -4.623319406447085146e-11 0.000000000000000000e+00 0.000000000000000000e+00 1.365823951792508595e-01
2.834641525389577055e+03 3.124837456222995229e+02 0.000000000000000000e+00 2.614001905842362703e+02 2.695303150336969145e-11 6.855959782589858888e-10 2.919778534489816309e-09 1.071654412923999342e-10 5.928679300676214958e-11 1.919127760123504558e-08 4.303129217079456916e-08 4.360156958120631492e-08 9.621005117117974602e-08 2.819647409533852995e-08 -2.668874633765771642e-10 -3.636042341446850736e-10 -1.106862447441062591e-09 5.533856721483093092e-09 0.000000000000000000e+00 -4.622524765108290848e-11 0.000000000000000000e+00 0.000000000000000000e+00 1.362147497142145725e-01
2.934905370157600373e+03 3.215074916514216170e+02 0.000000000000000000e+00 2.568368261926765399e+02 -1.487666745375056065e-10 5.418283458693147623e-10 2.799090054562035199e-09 1.062158773509668280e-10 5.876751314769210316e-11 1.918608338900595968e-08 4.301478549358213177e-08 4.358679393257576610e-08 9.620110676897883768e-08 2.819495838113323643e-08 -2.668874633752007357e-10 -3.636042341396546781e-10 -1.106862447413927758e-09 5.533854251322469049e-09 0.000000000000000000e+00 -4.621860681160644266e-11 0.000000000000000000e+00 0.000000000000000000e+00 1.359863034935910597e-01
3.035169214925623692e+03 3.305312376805437111e+02 0.000000000000000000e+00 2.522714746129693424e+02 -2.542171917151992431e-10 4.282470281693924865e-10 2.682803608685796984e-09 1.052699484368549527e-10 5.825024859396317178e-11 1.918085814728202193e-08 4.299818926109588402e-08 4.357193875121121492e-08 9.619189019120362249e-08 2.819343291990321004e-08 -2.668874633746243459e-10 -3.636042341375479008e-10 -1.106862447402563538e-09 5.533851764257313175e-09 0.000000000000000000e+00 -4.621582562528286314e-11 0.000000000000000000e+00 0.000000000000000000e+00 1.358490100952159108e-01
3.199992970166521445e+03 3.453653756522244862e+02 0.000000000000000000e+00 2.447520749569542318e+02 -3.076931107010653458e-10 2.842898908521146627e-10 2.500618228483101892e-09 1.037222199938969519e-10 5.740393637328372159e-11 1.917219323633274036e-08 4.297069439203139524e-08 4.354732961003627365e-08 9.617596259053704559e-08 2.819090153379366733e-08 -2.668874633741050832e-10 -3.636042341356501417e-10 -1.106862447392326764e-09 5.533847636160792257e-09 0.000000000000000000e+00 -4.621332032532533827e-11 0.000000000000000000e+00 0.000000000000000000e+00 1.357332213072683091e-01
3.461361528565603749e+03 3.688885459081419071e+02 0.000000000000000000e+00 2.327694102629743611e+02 -3.525164365565695855e-10 1.279180285148982518e-10 2.233664985913701321e-09 1.012891671813471974e-10 5.607345775303915282e-11 1.915826797510260600e-08 4.292658587457734820e-08 4.350785112926724362e-08 9.614843205953414794e-08 2.818682848779054232e-08 -2.668874633736698311e-10 -3.636042341340594734e-10 -1.106862447383746419e-09 5.533840992159688400e-09 0.000000000000000000e+00 -4.621122039177596486e-11 0.000000000000000000e+00 0.000000000000000000e+00 1.356468521366747115e-01
3.722730086964686052e+03 3.924117161640593281e+02 0.000000000000000000e+00 2.207300816741635003e+02 -3.674575451750709816e-10 4.641987990680502573e-11 1.992574841586486432e-09 9.888833426032844874e-11 5.476049814215324042e-11 1.914416073005561005e-08 4.288197903305376309e-08 4.346792486044654591e-08 9.611855446867607366e-08 2.818269688945247042e-08 -2.668874633735247643e-10 -3.636042341335292506e-10 -1.106862447380886443e-09 5.533834251901958114e-09 0.000000000000000000e+00 -4.621052041392617804e-11 0.000000000000000000e+00 0.000000000000000000e+00 1.355505174065670115e-01
4.243338666733732680e+03 4.392664883432735792e+02 0.000000000000000000e+00 1.965632710012280597e+02 -3.872171168190559904e-10 -1.240492897461782764e-10 1.578240988512479022e-09 9.421356795851622833e-11 5.220350202230991112e-11 1.911558379362352961e-08 4.279185339597038622e-08 4.338724490434823402e-08 9.605147671310946510e-08 2.817431113696521225e-08 -2.668874633733329101e-10 -3.636042341328280082e-10 -1.106862447377103952e-09 5.533820570448104087e-09 0.000000000000000000e+00 -4.620959469530480318e-11 0.000000000000000000e+00 0.000000000000000000e+00 1.354187931823965796e-01
4.763947246502779308e+03 4.861212605224878303e+02 0.000000000000000000e+00 1.720370631391802760e+02 -3.938036407003843784e-10 -1.808723462971727148e-10 1.240708047563631269e-09 8.965010932245113300e-11 4.970678508864850764e-11 1.908608055247757271e-08 4.269925377652269737e-08 4.330434985931542520e-08 9.596717879417529762e-08 2.816562611985809566e-08 -2.668874633732689587e-10 -3.636042341325942780e-10 -1.106862447375843122e-09 5.533806392234596773e-09 0.000000000000000000e+00 -4.620928612243101156e-11 0.000000000000000000e+00 0.000000000000000000e+00 1.356514161930530704e-01
5.704554787379850495e+03 5.707759392014243076e+02 0.000000000000000000e+00 1.271993087649489240e+02 -4.009705067290064560e-10 -2.427021127984763892e-10 7.905205925292826885e-10 8.179775446444671489e-11 4.540904143399496853e-11 1.903136026582293280e-08 4.252821266285030161e-08 4.315117373940552567e-08 9.578393123087637307e-08 2.814945969762945465e-08 -2.668874633731993722e-10 -3.636042341323399717e-10 -1.106862447374471243e-09 5.533779998000525264e-09 0.000000000000000000e+00 -4.620895036103601545e-11 0.000000000000000000e+00 0.000000000000000000e+00 1.355047261924650637e-01
6.645162328256921683e+03 6.554306178803607281e+02 0.000000000000000000e+00 8.183305023897221986e+01 -4.033594620718804474e-10 -2.633120349655776140e-10 4.987342935986390971e-10 7.448754561172012610e-11 4.140547612144962527e-11 1.897533470155482029e-08 4.235381324044114796e-08 4.299488801518312470e-08 9.556809268654633148e-08 2.813284232926941098e-08 -2.668874633731761594e-10 -3.636042341322552374e-10 -1.106862447374013812e-09 5.533752886585074274e-09 0.000000000000000000e+00 -4.620883844057101459e-11 0.000000000000000000e+00 0.000000000000000000e+00 1.352714176943452529e-01
6.759913549274920115e+03 6.657582277719806143e+02 0.000000000000000000e+00 7.626713622145778970e+01 -4.033713138768212210e-10 -2.634142824931829187e-10 4.724018104494371504e-10 7.363341934147027500e-11 4.093752230631709185e-11 1.896841902311056215e-08 4.233232822760647156e-08 4.297562689155500443e-08 9.553983692713819762e-08 2.813078678169101932e-08 -2.668874633731760560e-10 -3.636042341322547721e-10 -1.106862447374011538e-09 5.533749534012189122e-09 0.000000000000000000e+00 -4.620883788532433528e-11 0.000000000000000000e+00 0.000000000000000000e+00 1.352096023042196893e-01
6.874664770292918547e+03 6.760858376636005005e+02 0.000000000000000000e+00 7.069024923981920949e+01 -4.033752644784681628e-10 -2.634483650023846698e-10 4.472526923776564526e-10 7.278630217885437428e-11 4.047337343363616787e-11 1.896147495907781608e-08 4.231076914581802879e-08 4.295629809142293945e-08 9.551077476953124725e-08 2.812872156550003758e-08 -2.668874633731760043e-10 -3.636042341322546170e-10 -1.106862447374010710e-09 5.533746165426314848e-09 0.000000000000000000e+00 -4.620883770024211099e-11 0.000000000000000000e+00 0.000000000000000000e+00 1.352468603191667729e-01
7.043498133893839622e+03 6.912808403876833836e+02 0.000000000000000000e+00 6.245150058594202136e+01 -4.033781151284833648e-10 -2.634729580426498305e-10 4.123822235992820389e-10 7.155012162127315330e-11 3.979597980020936728e-11 1.895117676288254198e-08 4.227883840109261199e-08 4.292766987920314877e-08 9.546538587201582190e-08 2.812565599791105071e-08 -2.668874633731760043e-10 -3.636042341322545136e-10 -1.106862447374010090e-09 5.533741164124057173e-09 0.000000000000000000e+00 -4.620883756669165560e-11 0.000000000000000000e+00 0.000000000000000000e+00 1.353540110588967171e-01
7.212331497494760697e+03 7.064758431117662667e+02 0.000000000000000000e+00 5.532138852538582086e+01 -4.033790653451550988e-10 -2.634811557227381829e-10 3.815558351221994225e-10 7.038424122290342844e-11 3.915722430916743663e-11 1.894131551098210012e-08 4.224835801042341919e-08 4.290034687027484125e-08 9.541577272212187765e-08 2.812271535677117230e-08 -2.668874633731760043e-10 -3.636042341322544619e-10 -1.106862447374009883e-09 5.533736361981608225e-09 0.000000000000000000e+00 -4.620883752217483713e-11 0.000000000000000000e+00 0.000000000000000000e+00 1.357663459011576590e-01
7.381164861095681772e+03 7.216708458358491498e+02 0.000000000000000000e+00 4.850197837879220231e+01 -4.033793820840456595e-10 -2.634838882827676337e-10 3.532903960173313190e-10 6.924481487300759298e-11 3.853293398274535065e-11 1.893149619693650874e-08 4.221808716840433030e-08 4.287321490438900727e-08 9.536081844795815620e-08 2.811978283103860907e-08 -2.668874633731760043e-10 -3.636042341322544619e-10 -1.106862447374009883e-09 5.533731569822352460e-09 0.000000000000000000e+00 -4.620883750733589549e-11 0.000000000000000000e+00 0.000000000000000000e+00 1.359528033423782756e-01
7.549998224696602847e+03 7.368658485599320329e+02 0.000000000000000000e+00 4.172865911635879144e+01 -4.033794876636758809e-10 -2.634847991361108012e-10 3.269985451931474375e-10 6.811646570585528036e-11 3.791466415741394299e-11 1.892157594042421175e-08 4.218757792807248151e-08 4.284587173704689089e-08 9.529972745818246369e-08 2.811681566307608887e-08 -2.668874633731760043e-10 -3.636042341322544619e-10 -1.106862447374009883e-09 5.533726716890673103e-09 0.000000000000000000e+00 -4.620883750238958161e-11 0.000000000000000000e+00 0.000000000000000000e+00 1.361293394528597933e-01
7.592206565596833570e+03 7.406645992409527253e+02 0.000000000000000000e+00 4.003504794341493067e+01 -4.033794898632514933e-10 -2.634848181122221269e-10 3.207133504874004127e-10 6.783552895030028034e-11 3.776071823244616119e-11 1.891907380054034671e-08 4.217989539518034374e-08 4.283898698316164988e-08 9.528330011207505519e-08 2.811606651681849243e-08 -2.668874633731760043e-10 -3.636042341322544619e-10 -1.106862447374009883e-09 5.533725490909735354e-09 0.000000000000000000e+00 -4.620883750228653300e-11 0.000000000000000000e+00 0.000000000000000000e+00 1.362110910895218130e-01
7.634414906497064294e+03 7.444633499219734176e+02 0.000000000000000000e+00 3.833497854706055818e+01 -4.033794905964433986e-10 -2.634848244375925516e-10 3.145252123634869430e-10 6.755456688535847505e-11 3.760675501363817340e-11 1.891655754677021076e-08 4.217217538968513886e-08 4.283206894263701784e-08 9.526626047239603619e-08 2.811531279557615313e-08 -2.668874633731760043e-10 -3.636042341322544619e-10 -1.106862447374009883e-09 5.533724257053502161e-09 0.000000000000000000e+00 -4.620883750225218562e-11 0.000000000000000000e+00 0.000000000000000000e+00 1.362798571194084318e-01
7.647064973668540915e+03 7.456018559674063226e+02 0.000000000000000000e+00 3.782340095325609042e+01 -4.033794906183959448e-10 -2.634848246269811363e-10 3.126861246858816655e-10 6.747019777861171224e-11 3.756052256063965934e-11 1.891579875145433239e-08 4.216984905351422599e-08 4.282998438705863560e-08 9.526096457404697050e-08 2.811508539781412367e-08 -2.668874633731760043e-10 -3.636042341322544619e-10 -1.106862447374009883e-09 5.533723884629718423e-09 0.000000000000000000e+00 -4.620883750225115164e-11 0.000000000000000000e+00 0.000000000000000000e+00 1.363472116232508358e-01
7.652639147134762425e+03 7.461035315793662903e+02 0.000000000000000000e+00 3.693421652900269692e+01 -4.033794906198167826e-10 -2.634848246392388156e-10 3.091294983892816951e-10 6.714019499798115238e-11 3.731119718470348974e-11 1.887798915657778429e-08 4.208441747419864247e-08 4.274444327228408223e-08 9.512139744903619267e-08 2.808323936608991702e-08 -2.668874633731760043e-10 -3.636042341322544619e-10 -1.106862447374009883e-09 5.532692960075605344e-09 0.000000000000000000e+00 -4.620883750225108702e-11 0.000000000000000000e+00 0.000000000000000000e+00 1.361800270296706639e-01
7.658213320600983934e+03 7.466052071913262580e+02 0.000000000000000000e+00 3.580667351606196291e+01 -4.033794906202903952e-10 -2.634848246433246742e-10 3.046842574690147128e-10 6.670963078400194085e-11 3.698345244036459198e-11 1.882622184415164584e-08 4.196776221925109612e-08 4.262760944563439718e-08 9.492921309218965742e-08 2.803914691444344301e-08 -2.668874633731760043e-10 -3.636042341322544619e-10 -1.106862447374009883e-09 5.531223877628540774e-09 0.000000000000000000e+00 -4.620883750225106117e-11 0.000000000000000000e+00 0.000000000000000000e+00 1.359115831947488862e-01
7.663787494067205444e+03 7.471068828032862257e+02 0.000000000000000000e+00 3.458586435820967608e+01 -4.033794906204482833e-10 -2.634848246446866271e-10 2.999827049409744450e-10 6.624435136265698956e-11 3.662894534138905698e-11 1.876871214780617564e-08 4.183841071557112980e-08 4.249805330367667213e-08 9.471553132655300428e-08 2.798967916730539328e-08 -2.668874633731760043e-10 -3.636042341322544619e-10 -1.106862447374009883e-09 5.529530377518985148e-09 0.000000000000000000e+00 -4.620883750225104824e-11 0.000000000000000000e+00 0.000000000000000000e+00 1.355735091029433848e-01
7.669361667533426953e+03 7.476085584152461934e+02 0.000000000000000000e+00 3.332007692321015924e+01 -4.033794906205009127e-10 -2.634848246451406459e-10 2.952446504570679941e-10 6.576734330507945505e-11 3.626585254465977332e-11 1.870840400445857058e-08 4.170300893487761141e-08 4.236244635557346845e-08 9.448862134636076677e-08 2.793732275036060784e-08 -2.668874633731760043e-10 -3.636042341322544619e-10 -1.106862447374009883e-09 5.527692074888676178e-09 0.000000000000000000e+00 -4.620883750225104178e-11 0.000000000000000000e+00 0.000000000000000000e+00 1.352677916114239931e-01
7.674935840999648462e+03 7.481102340272061610e+02 0.000000000000000000e+00 3.202733587300345874e+01 -4.033794906205184386e-10 -2.634848246452920199e-10 2.905451563634307618e-10 6.528712989091740406e-11 3.590086016347592959e-11 1.864650281806605982e-08 4.156424559779994411e-08 4.222348120663580980e-08 9.425328148514957260e-08 2.788313780378838449e-08 -2.668874633731760043e-10 -3.636042341322544619e-10 -1.106862447374009883e-09 5.525746348917853728e-09 0.000000000000000000e+00 -4.620883750225103532e-11 0.000000000000000000e+00 0.000000000000000000e+00 1.349278127135896954e-01
7.685309919590448771e+03 7.490439011003782070e+02 0.000000000000000000e+00 2.957259524999089706e+01 -4.033794906205387045e-10 -2.634848246454667101e-10 2.820038619623424236e-10 6.439707029371451033e-11 3.522613312733542860e-11 1.852885855223373218e-08 4.130100396592185448e-08 4.195985849334458031e-08 9.380466650744799358e-08 2.777901202753788218e-08 -2.668874633731760043e-10 -3.636042341322544619e-10 -1.106862447374009883e-09 5.521892327312499789e-09 0.000000000000000000e+00 -4.620883750225102886e-11 0.000000000000000000e+00 0.000000000000000000e+00 1.342276279058205735e-01
7.702583151422067203e+03 7.505984919652238432e+02 0.000000000000000000e+00 2.534863964815596304e+01 -4.033794906205574195e-10 -2.634848246456281654e-10 2.684360010853007431e-10 6.293770318971341144e-11 3.412565232177941048e-11 1.832850126311495412e-08 4.085397028333600836e-08 4.151222555029956149e-08 9.302354504337137272e-08 2.759864616660988269e-08 -2.668874633731760043e-10 -3.636042341322544619e-10 -1.106862447374009883e-09 5.514906654039679729e-09 0.000000000000000000e+00 -4.620883750225102239e-11 0.000000000000000000e+00 0.000000000000000000e+00 1.330940336163599358e-01
7.732084665630035488e+03 7.532536282439409661e+02 0.000000000000000000e+00 1.765189389228881112e+01 -4.033794906205756175e-10 -2.634848246457851747e-10 2.475322160771902815e-10 6.058380698217081297e-11 3.237165980330576482e-11 1.799152309397567512e-08 4.010675087305000375e-08 4.076520396406377382e-08 9.128681614050424672e-08 2.728965623124978284e-08 -2.668874633731760043e-10 -3.636042341322544619e-10 -1.106862447374009883e-09 5.502422548328097681e-09 0.000000000000000000e+00 -4.620883750225101593e-11 0.000000000000000000e+00 0.000000000000000000e+00 1.319101062104398037e-01
7.761586179838003773e+03 7.559087645226580889e+02 0.000000000000000000e+00 9.262253498995320911e+00 -4.033794906205816662e-10 -2.634848246458374938e-10 2.296694953016110341e-10 5.845630063652504001e-11 3.080725473086986015e-11 1.767002144543316872e-08 3.939793870369517970e-08 4.005732549594944426e-08 8.931317537905687886e-08 2.698767661751539661e-08 -2.668874633731760043e-10 -3.636042341322544619e-10 -1.106862447374009883e-09 5.489490743370412569e-09 0.000000000000000000e+00 -4.620883750225101593e-11 0.000000000000000000e+00 0.000000000000000000e+00 1.299243832494898776e-01
7.773780785368391662e+03 7.570062790203929808e+02 0.000000000000000000e+00 5.644302497829595033e+00 -4.033794906205820281e-10 -2.634848246458404924e-10 2.233136923743083918e-10 5.766680130868935599e-11 3.023251852981323561e-11 1.754611941905480894e-08 3.912585881855928969e-08 3.978580674747662614e-08 8.845862971167593322e-08 2.686936702619508130e-08 -2.668874633731760043e-10 -3.636042341322544619e-10 -1.106862447374009883e-09 5.484226601742905062e-09 0.000000000000000000e+00 -4.620883750225101593e-11 0.000000000000000000e+00 0.000000000000000000e+00 1.291432449301906649e-01
7.785975390898779551e+03 7.581037935181278726e+02 0.000000000000000000e+00 2.021972620363230000e+00 -4.033794906205821315e-10 -2.634848246458414746e-10 2.177185685009218892e-10 5.695750739624277625e-11 2.971852957576603099e-11 1.743254012084898011e-08 3.887685658865728445e-08 3.953735374489714732e-08 8.765518092704386892e-08 2.675988865390011802e-08 -2.668874633731760043e-10 -3.636042341322544619e-10 -1.106862447374009883e-09 5.479238082476720120e-09 0.000000000000000000e+00 -4.620883750225101593e-11 0.000000000000000000e+00 0.000000000000000000e+00 1.282515222006263833e-01
