0.000000000000000000e+00 7.825721308184523650e+01 0.000000000000000000e+00 7.858989812370896288e+02 2.337524439113509977e-07 5.342183028044225809e-08 3.230649790837956771e-08 5.617899279974116387e-10 5.664774070794986750e-10 3.776680853232295276e-07 6.599109043983245307e-07 7.547422781600353334e-07 8.470810417206245592e-07 1.041349568239339865e-06 1.034255952004700694e-06 1.392749222539029173e-06 1.697901673533731670e-06 1.517613769416148090e-06 0.000000000000000000e+00 1.318835428775508284e-09 0.000000000000000000e+00 0.000000000000000000e+00 5.373816739171727086e+00
9.773306153418348519e-02 7.826600905738331448e+01 0.000000000000000000e+00 7.858877698807053775e+02 2.336939585493562489e-07 5.341941749628059479e-08 3.230622593017138219e-08 5.617885867709533504e-10 5.664761068774558805e-10 3.776680680440582591e-07 6.599108597198463216e-07 7.547422341337820228e-07 8.470810378250626483e-07 1.041349558854244879e-06 1.034242943208042949e-06 1.392745404698922227e-06 1.697900487151990795e-06 1.517613769293638750e-06 0.000000000000000000e+00 1.318760379836046124e-09 0.000000000000000000e+00 0.000000000000000000e+00 5.381061294891176239e+00
1.052307019127240153e+02 8.772797625399039134e+01 0.000000000000000000e+00 7.739732945922854697e+02 1.822819743088401792e-07 5.089284018733940171e-08 3.201074478664262058e-08 5.603302558831591984e-10 5.650634414905614017e-10 3.776490809053651894e-07 6.598617261336141485e-07 7.546938648833765148e-07 8.470767061917741895e-07 1.041339239202905497e-06 1.020270288926023854e-06 1.388601095174303692e-06 1.696609560936370930e-06 1.517613634232110105e-06 0.000000000000000000e+00 1.248308057532405095e-09 0.000000000000000000e+00 0.000000000000000000e+00 5.341021327145346831e+00
3.159899270913552414e+02 1.066963065200671963e+02 0.000000000000000000e+00 7.503750357194551270e+02 1.030181644023015432e-07 4.604253657035955632e-08 3.141354764570664624e-08 5.573742959935599419e-10 5.622021273599290590e-10 3.776101204514851472e-07 6.597608371739329666e-07 7.545946347767697220e-07 8.470676731216237174e-07 1.041318048027136100e-06 9.923705399562410984e-07 1.380205782090259772e-06 1.693986163200356215e-06 1.517613356221029694e-06 0.000000000000000000e+00 1.134104822712641634e-09 0.000000000000000000e+00 0.000000000000000000e+00 5.274200055446492286e+00
5.267491522699864390e+02 1.256646367861440012e+02 0.000000000000000000e+00 7.271695897419176617e+02 5.754294935902355190e-08 4.147264181043841565e-08 3.080915729478759778e-08 5.543713871731624807e-10 5.592983108811860364e-10 3.775698721414176804e-07 6.596565170433346658e-07 7.544921564735859286e-07 8.470581316986070058e-07 1.041296132930873577e-06 9.645950617755912493e-07 1.371682779624734478e-06 1.691311349716363708e-06 1.517613067719824007e-06 0.000000000000000000e+00 1.026768790639990414e-09 0.000000000000000000e+00 0.000000000000000000e+00 5.226418761120537937e+00
7.375083774486176935e+02 1.446329670522208062e+02 0.000000000000000000e+00 7.041781735958434183e+02 3.263059098529555583e-08 3.723947282650502276e-08 3.020311215308383955e-08 5.513381079231973651e-10 5.563666685193686923e-10 3.775286270616889484e-07 6.595495991105932019e-07 7.543871837933346776e-07 8.470480459846920074e-07 1.041273656800503131e-06 9.370628373652816572e-07 1.363051873503700567e-06 1.688590541797810710e-06 1.517612771474684187e-06 0.000000000000000000e+00 9.304574911341178661e-10 0.000000000000000000e+00 0.000000000000000000e+00 5.191607005581454715e+00
9.482676026272489480e+02 1.636012973182976111e+02 0.000000000000000000e+00 6.812154744605325050e+02 1.271300495442573409e-08 3.339066961045783099e-08 2.960232105065569606e-08 5.482979850279818426e-10 5.534283982855693607e-10 3.774868643750979332e-07 6.594413834458435954e-07 7.542809168743274616e-07 8.470375485573061142e-07 1.041250890000535784e-06 9.099555070608082146e-07 1.354362836141887313e-06 1.685839497866179957e-06 1.517612471776721707e-06 0.000000000000000000e+00 9.297415521611775934e-10 0.000000000000000000e+00 0.000000000000000000e+00 5.159159226570564805e+00
1.159026827805880203e+03 1.825696275843744161e+02 0.000000000000000000e+00 6.583673408154792241e+02 6.073809610802460173e-09 2.987193823015535353e-08 2.900325015188792183e-08 5.452373753349262177e-10 5.504711094798673262e-10 3.774442758351790055e-07 6.593310557440543648e-07 7.541725952968699332e-07 8.470264717529694009e-07 1.041227657780580391e-06 8.831751202055137287e-07 1.345580977495431059e-06 1.683046278161458215e-06 1.517612165956040860e-06 0.000000000000000000e+00 7.955975330332468852e-10 0.000000000000000000e+00 0.000000000000000000e+00 5.135305377246539571e+00
1.495525539552872942e+03 2.128545116416037501e+02 0.000000000000000000e+00 6.218525985340029365e+02 4.323976172875002592e-10 2.492823173884341492e-08 2.805936923908367701e-08 5.403404047548024309e-10 5.457388457293932264e-10 3.773752152588201964e-07 6.591523197621686279e-07 7.539970390249142641e-07 8.470076280524757397e-07 1.041189965392502574e-06 8.413025972159598314e-07 1.331429587412347433e-06 1.678518644451735988e-06 1.517611670860444726e-06 0.000000000000000000e+00 7.228312256368038082e-11 0.000000000000000000e+00 0.000000000000000000e+00 5.100547838598056494e+00
1.832024251299865682e+03 2.431393956988330842e+02 0.000000000000000000e+00 5.852097554450294865e+02 -5.612779889756191673e-09 2.073345858055720081e-08 2.713325983946849835e-08 5.354381985845730059e-10 5.410000763284568369e-10 3.773049679898967952e-07 6.589707692698818636e-07 7.538186037535125931e-07 8.469872163449938745e-07 1.041151602851988371e-06 8.005583338837962463e-07 1.317126730215559336e-06 1.673909066023949895e-06 1.517611168549920627e-06 0.000000000000000000e+00 -1.688216809261751896e-10 0.000000000000000000e+00 0.000000000000000000e+00 5.067474703796011504e+00
2.636468536679016324e+03 3.155393813829566625e+02 0.000000000000000000e+00 4.967318023987413653e+02 -5.612779889756191673e-09 1.369964436720413603e-08 2.503065364813384138e-08 5.236493134322369284e-10 5.295957045680104125e-10 3.771276401780797882e-07 6.585145687333927162e-07 7.533694911089987759e-07 8.469239126757524223e-07 1.041054563929814010e-06 7.102843858233751083e-07 1.281775764022955989e-06 1.662260047007456188e-06 1.517609908613441409e-06 0.000000000000000000e+00 -1.688216809261751896e-10 0.000000000000000000e+00 0.000000000000000000e+00 5.003192675493208341e+00
3.440912822058166967e+03 3.879393670670802408e+02 0.000000000000000000e+00 4.070814407233625616e+02 -5.612779889756191673e-09 8.703871594399826930e-09 2.301436597944385472e-08 5.117619707635671004e-10 5.180871198198049165e-10 3.769406649964103961e-07 6.580361993892012739e-07 7.528979089078633133e-07 8.468391637868435926e-07 1.040952014144039925e-06 6.254173353667115512e-07 1.245157111711261099e-06 1.649950432861084860e-06 1.517608586522393701e-06 0.000000000000000000e+00 -1.688216809261751896e-10 0.000000000000000000e+00 0.000000000000000000e+00 4.948096325956733210e+00
4.245357107437317609e+03 4.603393527512038190e+02 0.000000000000000000e+00 3.159465784050069601e+02 -5.612779889756191673e-09 5.295945021837821864e-09 2.107589268888890317e-08 4.997136392477223562e-10 5.064129676560497387e-10 3.767414623771936514e-07 6.575302027733111473e-07 7.523984808188265178e-07 8.467162226476601927e-07 1.040842436858851430e-06 5.455073363978041965e-07 1.206890967381718988e-06 1.636805603294168443e-06 1.517607183195807330e-06 0.000000000000000000e+00 -1.688216809261751896e-10 0.000000000000000000e+00 0.000000000000000000e+00 4.902050162224280250e+00
5.049801392816468251e+03 5.327393384353273404e+02 0.000000000000000000e+00 2.225947788070043316e+02 -5.612779889756191673e-09 3.025358537233803490e-09 1.919233541273178377e-08 4.873363604499850251e-10 4.944087001002065733e-10 3.765236719322641700e-07 6.569832094218633742e-07 7.518581241043738166e-07 8.464989397895472884e-07 1.040722094523427971e-06 4.692798164205497391e-07 1.165931424325445506e-06 1.622390259038960813e-06 1.517605650852624680e-06 0.000000000000000000e+00 -1.688216809261751896e-10 0.000000000000000000e+00 0.000000000000000000e+00 4.873828591320525483e+00
5.355246020597770439e+03 5.602293549356445510e+02 0.000000000000000000e+00 1.867303141067316687e+02 -5.612779889756191673e-09 2.492937847877514533e-09 1.848225219550592176e-08 4.825623130997960544e-10 4.897767107576696933e-10 3.764372720375755513e-07 6.567674794877718482e-07 7.516449743947756034e-07 8.463884328440914405e-07 1.040674243073465391e-06 4.407655114367655154e-07 1.149817308352838652e-06 1.616662788141274111e-06 1.517605042649227629e-06 0.000000000000000000e+00 -1.688216809261751896e-10 0.000000000000000000e+00 0.000000000000000000e+00 4.869785415580677679e+00
5.660690648379072627e+03 5.877193714359617616e+02 0.000000000000000000e+00 1.505312024002416251e+02 -5.612779889756191673e-09 2.053884335357691013e-09 1.778227064004292696e-08 4.777404547824988620e-10 4.850965479703775845e-10 3.763479091105584364e-07 6.565453588764636186e-07 7.514254410555782574e-07 8.462499469289208766e-07 1.040624662342852819e-06 4.129790997625745478e-07 1.133303241378776214e-06 1.610732814849307987e-06 1.517604413849177745e-06 0.000000000000000000e+00 -1.688216809261751896e-10 0.000000000000000000e+00 0.000000000000000000e+00 4.859885918885245459e+00
5.966135276160374815e+03 6.152093879362789721e+02 0.000000000000000000e+00 1.141336834647630383e+02 -5.612779889756191673e-09 1.687339996499162047e-09 1.709712004632744072e-08 4.728978979998874565e-10 4.803950722975660909e-10 3.762564283056927830e-07 6.563185448267503223e-07 7.512011535339417802e-07 8.460919425851748606e-07 1.040573836945244722e-06 3.862560654484379155e-07 1.116574348677032953e-06 1.604659731706704364e-06 1.517603770523328296e-06 0.000000000000000000e+00 -1.688216809261751896e-10 0.000000000000000000e+00 0.000000000000000000e+00 4.841511331136588936e+00
6.271579903941677003e+03 6.426994044365961827e+02 0.000000000000000000e+00 7.756033533787228862e+01 -5.612779889756191673e-09 1.382859399966711289e-09 1.642948135337415061e-08 4.680517398936340323e-10 4.756884938059167621e-10 3.761633315320853065e-07 6.560882069954298882e-07 7.509732543867934187e-07 8.459160507107333935e-07 1.040522066781640766e-06 3.607314706148383600e-07 1.099730405927458409e-06 1.598478960346289452e-06 1.517603117009254326e-06 0.000000000000000000e+00 -1.688216809261751896e-10 0.000000000000000000e+00 0.000000000000000000e+00 4.821666457218233504e+00
6.392697075577445503e+03 6.535999498838152704e+02 0.000000000000000000e+00 6.299677108030738992e+01 -5.612779889756191673e-09 1.272862682546685861e-09 1.616603450724920910e-08 4.661193872069150719e-10 4.738115550783068518e-10 3.761258118985705794e-07 6.559955755983092266e-07 7.508815956734992162e-07 8.458383952821682313e-07 1.040501182693028043e-06 3.507153206251942477e-07 1.092969116142036356e-06 1.595986770974500522e-06 1.517602853524118534e-06 0.000000000000000000e+00 -1.688216809261751896e-10 0.000000000000000000e+00 0.000000000000000000e+00 4.819713878304249022e+00
6.513814247213213093e+03 6.645004953310343581e+02 0.000000000000000000e+00 4.826159270067394402e+01 -5.612779889756191673e-09 1.168277011705353333e-09 1.589947081909529254e-08 4.641464269289255205e-10 4.718948352243244975e-10 3.760866316213857353e-07 6.558994634427413698e-07 7.507865250144683904e-07 8.457320043925330212e-07 1.040479318042438016e-06 3.405273027541948006e-07 1.085931320085082720e-06 1.593379623736406792e-06 1.517602577522869218e-06 0.000000000000000000e+00 -1.688216809261751896e-10 0.000000000000000000e+00 0.000000000000000000e+00 4.836424450598792113e+00
6.634931418848980684e+03 6.754010407782534458e+02 0.000000000000000000e+00 3.338146821749825222e+01 -5.612779889756191673e-09 1.070096878211664068e-09 1.563039995687710279e-08 4.621351288643720989e-10 4.699407480122616861e-10 3.760458462613069660e-07 6.557999614627374874e-07 7.506881253046047824e-07 8.455921276184476894e-07 1.040456499157269765e-06 3.302222161842238889e-07 1.078634478750845854e-06 1.590661282985099975e-06 1.517602289186004864e-06 0.000000000000000000e+00 -1.688216809261751896e-10 0.000000000000000000e+00 0.000000000000000000e+00 4.849014607169460866e+00
6.824249749939020148e+03 6.924396905763570658e+02 0.000000000000000000e+00 9.760114993637724723e+00 -5.612779889756191673e-09 9.253339639162898252e-10 1.520042227208829676e-08 4.588869421532058018e-10 4.667849118774502531e-10 3.759778838021941523e-07 6.556356816372352372e-07 7.505257618685657026e-07 8.452350439273696102e-07 1.040418313134764705e-06 3.136049223262041038e-07 1.066524229406431804e-06 1.586118601977904804e-06 1.517601805545108867e-06 0.000000000000000000e+00 -1.688216809261751896e-10 0.000000000000000000e+00 0.000000000000000000e+00 4.890764628641178113e+00
