0.000000000000000000e+00 8.866446185904919730e+01 0.000000000000000000e+00 7.867601897363899752e+02 3.964465209108839142e-08 2.197625629472759877e-08 1.557496121560152604e-08 2.779101216982908144e-10 2.802961515530506427e-10 1.881850674349967798e-07 3.287901596571257939e-07 3.760538589069159545e-07 4.221602168890836918e-07 5.189673115251096392e-07 4.889176992366163552e-07 6.861603344145145170e-07 8.437120662048345954e-07 7.563475344308702229e-07 0.000000000000000000e+00 5.701566647118325626e-10 0.000000000000000000e+00 0.000000000000000000e+00 2.611703406304152875e+00
1.073273489694839544e-01 8.867412132045645023e+01 0.000000000000000000e+00 7.867503688865541562e+02 3.962923623984887962e-08 2.197473944491763728e-08 1.557476702413041424e-08 2.779092192944328918e-10 2.802952770511521106e-10 1.881850542408049798e-07 3.287901254402378551e-07 3.760538253110488028e-07 4.221602139026552663e-07 5.189673043452073332e-07 4.889085746198862035e-07 6.861575425670043067e-07 8.437111900590622356e-07 7.563475343360784482e-07 0.000000000000000000e+00 5.701130065679055021e-10 0.000000000000000000e+00 0.000000000000000000e+00 2.615180333571613946e+00
1.203380058629206957e+02 9.949488238671206375e+01 0.000000000000000000e+00 7.758161903406794409e+02 2.651875421058914450e-08 2.037910698540152056e-08 1.535775574869636832e-08 2.768931846756963282e-10 2.793109206233441333e-10 1.881700859001058223e-07 3.287513007487818699e-07 3.760157154507002709e-07 4.221567902603506298e-07 5.189591559448491473e-07 4.788008142146152399e-07 6.830142377150653631e-07 8.427213888289987396e-07 7.563474266940236979e-07 0.000000000000000000e+00 5.306641738654696701e-10 0.000000000000000000e+00 0.000000000000000000e+00 2.599366348619740474e+00
3.187304882572194629e+02 1.173502058021989569e+02 0.000000000000000000e+00 7.578705070817773048e+02 1.095808145267613930e-08 1.792953584025992267e-08 1.500134152297970058e-08 2.752096710488850780e-10 2.776802203324394053e-10 1.881450933727694739e-07 3.286864667551975347e-07 3.759520859201488522e-07 4.221510179633229359e-07 5.189455460807165897e-07 4.623477243510463033e-07 6.778044115039822819e-07 8.410747111881599415e-07 7.563472468603121296e-07 0.000000000000000000e+00 4.789089217241575884e-10 0.000000000000000000e+00 0.000000000000000000e+00 2.576724202283652954e+00
5.171229706515182443e+02 1.352055292176858359e+02 0.000000000000000000e+00 7.400752480044968706e+02 5.026415829859951222e-09 1.571112179252706173e-08 1.464656927131793123e-08 2.735144034163640589e-10 2.760387099775662956e-10 1.881196521382104202e-07 3.286204541446913787e-07 3.758873210682078402e-07 4.221450547360275953e-07 5.189316846006607846e-07 4.461790797743206578e-07 6.725576710926428561e-07 8.394079415682677000e-07 7.563470635737446555e-07 0.000000000000000000e+00 4.756465213663473930e-10 0.000000000000000000e+00 0.000000000000000000e+00 2.559847177532776019e+00
8.420614806802359453e+02 1.644499951202704153e+02 0.000000000000000000e+00 7.109683565803727561e+02 1.114089137280480493e-10 1.258443896188520122e-08 1.407583280985894015e-08 2.707333659159540001e-10 2.733454358447265865e-10 1.880773885172780199e-07 3.285108512597169096e-07 3.757797550432360609e-07 4.221348615281923683e-07 5.189086491477974574e-07 4.204820547298926351e-07 6.639162425505829087e-07 8.366429959650560477e-07 7.563467595057393008e-07 0.000000000000000000e+00 7.000511046406815696e-10 0.000000000000000000e+00 0.000000000000000000e+00 2.536241714074209064e+00
1.166999990708953646e+03 1.936944610228550232e+02 0.000000000000000000e+00 6.818598176538340567e+02 -1.526926724982584963e-09 1.003247626851100232e-08 1.351915199487138323e-08 2.679506408848090941e-10 2.706496910306633783e-10 1.880344462674290055e-07 3.283995796878505325e-07 3.756704947313481191e-07 4.221241129676537323e-07 5.188852342803556557e-07 3.957844638501651735e-07 6.552220410354162530e-07 8.338358470700977770e-07 7.563464512045330557e-07 0.000000000000000000e+00 7.748526323987929619e-10 0.000000000000000000e+00 0.000000000000000000e+00 2.515309474948454138e+00
1.491938500737671347e+03 2.229389269254396027e+02 0.000000000000000000e+00 6.526947901031549009e+02 -2.168659275453719331e-09 7.954691630680276213e-09 1.297738077771862292e-08 2.651691106843022130e-10 2.679540022134717021e-10 1.879908617081780200e-07 3.282867644806728252e-07 3.755596488084176710e-07 4.221127218090745253e-07 5.188614595155528243e-07 3.720881965370897342e-07 6.464774008776641411e-07 8.309860723592658981e-07 7.563461390645109191e-07 0.000000000000000000e+00 3.538958453931188135e-10 0.000000000000000000e+00 0.000000000000000000e+00 2.495765697522493554e+00
2.117202863762883680e+03 2.792127195977087126e+02 0.000000000000000000e+00 5.961748654505153127e+02 -2.168659275453719331e-09 5.267589682856772290e-09 1.200167861954752261e-08 2.598245410907604201e-10 2.627690041631104343e-10 1.879038936316619514e-07 3.280623200610716438e-07 3.753387832358735862e-07 4.220871494901213981e-07 5.188139657091533028e-07 3.308022417613152252e-07 6.294193271302162556e-07 8.252960084529741452e-07 7.563455198368704750e-07 0.000000000000000000e+00 4.888307327005015104e-10 0.000000000000000000e+00 0.000000000000000000e+00 2.462641820242134738e+00
2.742467226788096013e+03 3.354865122699778226e+02 0.000000000000000000e+00 5.393195752337255726e+02 -2.168659275453719331e-09 3.387869226474234341e-09 1.107894194089733066e-08 2.544937852738093703e-10 2.575930960523967893e-10 1.878145332385016524e-07 3.278322308807718917e-07 3.751120838269238168e-07 4.220583542227784731e-07 5.187651215917986424e-07 2.928795918233134950e-07 6.122252173638836974e-07 8.194482670625725563e-07 7.563448865146606573e-07 0.000000000000000000e+00 4.888307327005015104e-10 0.000000000000000000e+00 0.000000000000000000e+00 2.431205650151957443e+00
3.822743035617542773e+03 4.327113350646280310e+02 0.000000000000000000e+00 4.399880444388345495e+02 -2.168659275453719331e-09 1.062046397654930512e-09 9.578372838425890718e-09 2.452561021971835989e-10 2.486146788080757461e-10 1.876533454162720659e-07 3.274190338542325577e-07 3.747044509288787591e-07 4.219956964797876232e-07 5.186768592713855688e-07 2.332243867890797952e-07 5.819436368475132044e-07 8.088959706605771625e-07 7.563437488718224768e-07 0.000000000000000000e+00 4.888307327005015104e-10 0.000000000000000000e+00 0.000000000000000000e+00 2.385261688004581604e+00
4.903018844446989533e+03 5.299361578592782962e+02 0.000000000000000000e+00 3.391664528078136414e+02 -2.168659275453719331e-09 2.867721213818292706e-10 8.208062790892860516e-09 2.359902119163504529e-10 2.395963121876809435e-10 1.874827263712056485e-07 3.269842732289099353e-07 3.742748154482268850e-07 4.219104847636858114e-07 5.185832051707247396e-07 1.819649800840783519e-07 5.509662932147735840e-07 7.977248899913255118e-07 7.563425511316350056e-07 0.000000000000000000e+00 -1.712852802470050229e-10 0.000000000000000000e+00 0.000000000000000000e+00 2.343749756324212452e+00
6.534785271297421787e+03 6.767951362758171854e+02 0.000000000000000000e+00 1.809508416609552341e+02 -2.168659275453719331e-09 -3.028595521357536524e-10 6.343421893733605367e-09 2.215448446525081877e-10 2.255077265171793470e-10 1.871885683539935354e-07 3.262473303671120226e-07 3.735454159811534121e-07 4.215859832656437649e-07 5.184206057665153489e-07 1.175572154366572079e-07 5.005643372462876802e-07 7.784757396310069565e-07 7.563404897522841416e-07 0.000000000000000000e+00 -4.188166344643819520e-10 0.000000000000000000e+00 0.000000000000000000e+00 2.309100259720058279e+00
8.166551698147854040e+03 8.236541146923560746e+02 0.000000000000000000e+00 1.266610728962155008e+01 -2.168659275453719331e-09 -4.994034433082812245e-10 4.697957959983707632e-09 2.060227567973877296e-10 2.103336237536372928e-10 1.868209447198421998e-07 3.253537372764271262e-07 3.726601502774383011e-07 4.199619653961165369e-07 5.182145802297256290e-07 6.767964202228920175e-08 4.428963178737222765e-07 7.544626405473384384e-07 7.563378908666023505e-07 0.000000000000000000e+00 -5.013270858701742617e-10 0.000000000000000000e+00 0.000000000000000000e+00 2.300828325036328614e+00
