0.000000000000000000e+00 6.546027538425462922e+01 0.000000000000000000e+00 7.863635538748692397e+02 1.727978194911367699e-07 4.188485221078819382e-09 1.666032169662976255e-09 2.256572638489899817e-11 1.554431053645827218e-11 2.617669419197645580e-09 5.940907575070512974e-09 6.012683584869367614e-09 1.086505185030111773e-08 3.478411775332523642e-09 0.000000000000000000e+00 1.199229989492095801e-12 1.481843612101789619e-12 6.204585120681860644e-10 0.000000000000000000e+00 8.950983768314992025e-10 0.000000000000000000e+00 0.000000000000000000e+00 1.165129632528499465e-01
4.123039580678662663e-02 6.546398611987723370e+01 0.000000000000000000e+00 7.863573104667176494e+02 1.727673656682682336e-07 4.187923731435336227e-09 1.665932120734550848e-09 2.256523477076579724e-11 1.554384829508306767e-11 2.617655317389160809e-09 5.940872377988757731e-09 6.012648156255117607e-09 1.086504870371479102e-08 3.478403453117380858e-09 0.000000000000000000e+00 1.197474461292537133e-12 1.480647777699196649e-12 6.204583853948887741e-10 0.000000000000000000e+00 8.950167747943249348e-10 0.000000000000000000e+00 0.000000000000000000e+00 1.166526695457286433e-01
1.249658256540680057e+01 6.658496781514124052e+01 0.000000000000000000e+00 7.844963968165509414e+02 1.638829252828303412e-07 4.022552799450706986e-09 1.635880603235904630e-09 2.241615667225085612e-11 1.540407814495520970e-11 2.613379539335097690e-09 5.930196587206739246e-09 6.001902425346041572e-09 1.086409033506431971e-08 3.475883785541347527e-09 0.000000000000000000e+00 7.968555781785006439e-13 1.185573728150754274e-12 6.204202885119323356e-10 0.000000000000000000e+00 8.697625024047653878e-10 0.000000000000000000e+00 0.000000000000000000e+00 1.115599270290865697e-01
6.093405891995983836e+01 7.094434068705101026e+01 0.000000000000000000e+00 7.775236304604396764e+02 1.323784265902404363e-07 3.422645376114359253e-09 1.521329903932820841e-09 2.183399479735607498e-11 1.486254742810615735e-11 2.596746159538679727e-09 5.888613236151825050e-09 5.960051227006862059e-09 1.086031403018571328e-08 3.466135452188862158e-09 0.000000000000000000e+00 -4.288257494194103611e-14 3.140097518679738520e-13 6.202761438846773737e-10 0.000000000000000000e+00 7.690168972196666098e-10 0.000000000000000000e+00 0.000000000000000000e+00 9.347630792101621622e-02
1.093715352745128655e+02 7.530371355896078001e+01 0.000000000000000000e+00 7.709419476477434046e+02 1.048985987135094952e-07 2.882204777140658749e-09 1.410943943855327188e-09 2.125592018818593818e-11 1.433095341532936764e-11 2.580474355590041937e-09 5.847824423131669836e-09 5.919009694084810473e-09 1.085655250368557816e-08 3.456709749490859653e-09 0.000000000000000000e+00 -3.227952926487549294e-13 9.515270457163498774e-15 6.201425700595827121e-10 0.000000000000000000e+00 6.658780015983825666e-10 0.000000000000000000e+00 0.000000000000000000e+00 7.766679029514274302e-02
1.578090116290659068e+02 7.966308643087054975e+01 0.000000000000000000e+00 7.648365458967900850e+02 8.161214898424481761e-08 2.408611498708872891e-09 1.307018652780112561e-09 2.069607189680516127e-11 1.382336233284341412e-11 2.565231450581375507e-09 5.809438485430459334e-09 5.880404049942036280e-09 1.085294710354124886e-08 3.448056018800116035e-09 0.000000000000000000e+00 -4.160995318843595269e-13 -2.350006271188767216e-13 6.200279602639836179e-10 0.000000000000000000e+00 5.626185661985110726e-10 0.000000000000000000e+00 0.000000000000000000e+00 6.423878857482781535e-02
2.062464879836189482e+02 8.402245930278031949e+01 0.000000000000000000e+00 7.592900586559144358e+02 6.223563151137827520e-08 2.002063643091809734e-09 1.211856650492730561e-09 2.017408930507386945e-11 1.335788636268446013e-11 2.551903908233114597e-09 5.775618992694306138e-09 5.846421382035500932e-09 1.084970343866973341e-08 3.440736666324491298e-09 0.000000000000000000e+00 -4.472009449628943590e-13 -3.165059263108901285e-13 6.199405747932040288e-10 0.000000000000000000e+00 4.613937746493147216e-10 0.000000000000000000e+00 0.000000000000000000e+00 5.304037942611997125e-02
2.546839643381719895e+02 8.838183217469008923e+01 0.000000000000000000e+00 7.544309914732367588e+02 4.655371142791220903e-08 1.667827118066573070e-09 1.130186951832318031e-09 1.972692600861509774e-11 1.296754353004071699e-11 2.541763471710113270e-09 5.749556819199089864e-09 5.820281725345561543e-09 1.084713166889526612e-08 3.435459837755986958e-09 0.000000000000000000e+00 -4.575680826557392694e-13 -3.436743593748945637e-13 6.198866354079131789e-10 0.000000000000000000e+00 3.653790146436076718e-10 0.000000000000000000e+00 0.000000000000000000e+00 4.396861033799693425e-02
3.031214406927250025e+02 9.274120504659985897e+01 0.000000000000000000e+00 7.504878573010704486e+02 3.433940626506330168e-08 1.414316758118565055e-09 1.068736198418773536e-09 1.940302418987817198e-11 1.269330700253026597e-11 2.535780706813280242e-09 5.733864672106319278e-09 5.804604895473225461e-09 1.084552868169356358e-08 3.432581622539982489e-09 0.000000000000000000e+00 -4.610237952200208726e-13 -3.527305037295627425e-13 6.198623514766850963e-10 0.000000000000000000e+00 2.771943066233358501e-10 0.000000000000000000e+00 0.000000000000000000e+00 3.690396774510543154e-02
3.515589170472780438e+02 9.710057791850962872e+01 0.000000000000000000e+00 7.476508004127927052e+02 2.513116691968316016e-08 1.235314953429651162e-09 1.027742747188707634e-09 1.919993539978274275e-11 1.252829667454611931e-11 2.532903842272857771e-09 5.726128297483332590e-09 5.796928702435393594e-09 1.084470864391178635e-08 3.431308383253694295e-09 0.000000000000000000e+00 -4.621756994081148076e-13 -3.557492185144521186e-13 6.198532442853631675e-10 0.000000000000000000e+00 1.994361231800331230e-10 0.000000000000000000e+00 0.000000000000000000e+00 3.158574910336385544e-02
3.777603139038787958e+02 9.945870363560369753e+01 0.000000000000000000e+00 7.463417514989490655e+02 2.095851002275421854e-08 1.158038238659301612e-09 1.011152752523362451e-09 1.912349020854552157e-11 1.246935219085648691e-11 2.532171104187275004e-09 5.724065873982606302e-09 5.794910627804641058e-09 1.084447614269922262e-08 3.431032366422897043e-09 0.000000000000000000e+00 -4.622880514519492885e-13 -3.560436516620535931e-13 6.198519373127464534e-10 0.000000000000000000e+00 1.608732204873449934e-10 0.000000000000000000e+00 0.000000000000000000e+00 2.917939243433296040e-02
4.039617107604795478e+02 1.018168293526977664e+02 0.000000000000000000e+00 7.451726632033725082e+02 1.722942567057380079e-08 1.088276037904975704e-09 9.966390628208609757e-10 1.905891401785817017e-11 1.242103119411745006e-11 2.531671670696853345e-09 5.722619989107342242e-09 5.793510967827239477e-09 1.084430738367726457e-08 3.430861079709804499e-09 0.000000000000000000e+00 -4.623255021332274488e-13 -3.561417960445873674e-13 6.198513269271811007e-10 0.000000000000000000e+00 1.266496433147555913e-10 0.000000000000000000e+00 0.000000000000000000e+00 2.702956836836459265e-02
4.842192666875030795e+02 1.090400093861298814e+02 0.000000000000000000e+00 7.422966251145938941e+02 8.274269903872545481e-09 8.895958090399216108e-10 9.547539723571137527e-10 1.887601423249607477e-11 1.228835661035497488e-11 2.530411210432054596e-09 5.718917000364156971e-09 5.789963989656870925e-09 1.084386770118204792e-08 3.430435180951825594e-09 0.000000000000000000e+00 -4.624426303247094264e-13 -3.564487457084645975e-13 6.198497365324599730e-10 0.000000000000000000e+00 4.729904587296377227e-11 0.000000000000000000e+00 0.000000000000000000e+00 2.184687622251368574e-02
5.042836556692589625e+02 1.108458043944879137e+02 0.000000000000000000e+00 7.417364550899347932e+02 6.610072804606244750e-09 8.443871526842627523e-10 9.452354855927973142e-10 1.883598036691539851e-11 1.226075781200945999e-11 2.530214572726217708e-09 5.718304221734196741e-09 5.789394325172933827e-09 1.084379011939430192e-08 3.430379266910662963e-09 0.000000000000000000e+00 -4.624450704953653241e-13 -3.564551404931287096e-13 6.198496270150307587e-10 0.000000000000000000e+00 3.582726612389138901e-11 0.000000000000000000e+00 0.000000000000000000e+00 2.088026563482504872e-02
5.243480446510149022e+02 1.126515994028459460e+02 0.000000000000000000e+00 7.412214480005490032e+02 5.167489824407740599e-09 7.993965530467974531e-10 9.355783750676407180e-10 1.879553651780165471e-11 1.223321961560181868e-11 2.530026907430977078e-09 5.717711881215252187e-09 5.788848229934250407e-09 1.084371415584188042e-08 3.430327417144394441e-09 0.000000000000000000e+00 -4.624458838855838894e-13 -3.564572720880167470e-13 6.198495383313274161e-10 0.000000000000000000e+00 2.608269056103253043e-11 0.000000000000000000e+00 0.000000000000000000e+00 2.003833214010987754e-02
5.817348080901634830e+02 1.178164081123693165e+02 0.000000000000000000e+00 7.399241350386123486e+02 2.220962009433814113e-09 6.710089946152191662e-10 9.059981216062286963e-10 1.867116963155235379e-11 1.214986825249602841e-11 2.529470365277948636e-09 5.715933382819813514e-09 5.787225833726668189e-09 1.084348337132930301e-08 3.430175579756798142e-09 0.000000000000000000e+00 -4.624481018229443369e-13 -3.564630844814182611e-13 6.198492845415262579e-10 0.000000000000000000e+00 6.862313432425893211e-12 0.000000000000000000e+00 0.000000000000000000e+00 1.829238529136902741e-02
5.960814989499506282e+02 1.191076102897501556e+02 0.000000000000000000e+00 7.396401865961498743e+02 1.740217732797977542e-09 6.393559901843588886e-10 8.982374781635956938e-10 1.863845068072342543e-11 1.212823596416535703e-11 2.529329921721867483e-09 5.715478799669709083e-09 5.786815250764768817e-09 1.084342366986186889e-08 3.430138022864226376e-09 0.000000000000000000e+00 -4.624481480299725934e-13 -3.564632055729474288e-13 6.198492268297689540e-10 0.000000000000000000e+00 6.177400343702010911e-12 0.000000000000000000e+00 0.000000000000000000e+00 1.800102846905996673e-02
6.104281898097377734e+02 1.203988124671309947e+02 0.000000000000000000e+00 7.393669092429338434e+02 1.346964553701226757e-09 6.081335589126380860e-10 8.903177227074990015e-10 1.860493076346177357e-11 1.210615399456210693e-11 2.529186859979965791e-09 5.715014382584353115e-09 5.786396893949524998e-09 1.084336251516268679e-08 3.430099862648061744e-09 0.000000000000000000e+00 -4.624481634323153118e-13 -3.564632459367904679e-13 6.198491685555815663e-10 0.000000000000000000e+00 5.033400868638557442e-12 0.000000000000000000e+00 0.000000000000000000e+00 1.775839835990697391e-02
6.495429636449781583e+02 1.239191421123026231e+02 0.000000000000000000e+00 7.386585116840674345e+02 6.326890559020571491e-10 5.265395720000458667e-10 8.680633845346712860e-10 1.850975954462712045e-11 1.204375489799228306e-11 2.528781900115560248e-09 5.713695034898970369e-09 5.785212574359990214e-09 1.084318820549114783e-08 3.429992026465814799e-09 0.000000000000000000e+00 -4.624482015954197440e-13 -3.564633459481706204e-13 6.198490038648585959e-10 0.000000000000000000e+00 4.596864684944220867e-12 0.000000000000000000e+00 0.000000000000000000e+00 1.729972851289551805e-02
7.216936474507972434e+02 1.304127036548263447e+02 0.000000000000000000e+00 7.374191421122891370e+02 1.925048298414378685e-11 3.971632628674617082e-10 8.263283976225882962e-10 1.832640418238157796e-11 1.192409038638723907e-11 2.527999409149559911e-09 5.711137196010275183e-09 5.782924367076342481e-09 1.084284895597394524e-08 3.429783835690483166e-09 0.000000000000000000e+00 -4.624483247333213487e-13 -3.564636686470616290e-13 6.198486849142371070e-10 0.000000000000000000e+00 1.184213296332319116e-11 0.000000000000000000e+00 0.000000000000000000e+00 1.686261150494979336e-02
7.938443312566163286e+02 1.369062651973500522e+02 0.000000000000000000e+00 7.362332255519123692e+02 -9.058002291995293656e-11 2.949565612348313095e-10 7.849698287755398390e-10 1.813804064832809643e-11 1.180155839885619373e-11 2.527191102796200697e-09 5.708488775514955939e-09 5.780560738173427764e-09 1.084249635527305701e-08 3.429568984602261891e-09 0.000000000000000000e+00 -4.624484101294390080e-13 -3.564638924386978014e-13 6.198483559034895726e-10 0.000000000000000000e+00 9.402409956560113863e-12 0.000000000000000000e+00 0.000000000000000000e+00 1.671661318270067226e-02
8.659950150624354137e+02 1.433998267398737596e+02 0.000000000000000000e+00 7.350689209454920956e+02 -4.893787705566658967e-11 2.173313105490202784e-10 7.450255019800943763e-10 1.794887455968558849e-11 1.167864348591812976e-11 2.526372621126362246e-09 5.705804975043456159e-09 5.778167422751119790e-09 1.084213814033022946e-08 3.429351520628077929e-09 0.000000000000000000e+00 -4.624484420837136454e-13 -3.564639761790315597e-13 6.198480233976569334e-10 0.000000000000000000e+00 6.532537447096536368e-12 0.000000000000000000e+00 0.000000000000000000e+00 1.666924874289447273e-02
9.381456988682544988e+02 1.498933882823974670e+02 0.000000000000000000e+00 7.339108885949176511e+02 -2.469146795830419222e-12 1.600994283880816340e-10 7.069020988665863264e-10 1.776069630211519446e-11 1.155639638224187724e-11 2.525550246723906834e-09 5.703108317281614151e-09 5.775762893608754682e-09 1.084177744298496224e-08 3.429133015265818642e-09 0.000000000000000000e+00 -4.624484468916851029e-13 -3.564639887789464425e-13 6.198476895905798552e-10 0.000000000000000000e+00 5.149840942303905057e-12 0.000000000000000000e+00 0.000000000000000000e+00 1.663793853712351375e-02
1.010296382674073584e+03 1.563869498249211745e+02 0.000000000000000000e+00 7.327533796923551108e+02 2.478188529262650238e-12 1.182459308723565857e-10 6.706814798481430609e-10 1.757419059903735180e-11 1.143522217860191301e-11 2.524726492135748190e-09 5.700407752127199864e-09 5.773354535309060900e-09 1.084141562494296076e-08 3.428914089707138898e-09 0.000000000000000000e+00 -4.624484441414352791e-13 -3.564639815715588939e-13 6.198473552552320471e-10 0.000000000000000000e+00 4.791738168247427083e-12 0.000000000000000000e+00 0.000000000000000000e+00 1.659342611804251466e-02
1.082447066479892555e+03 1.628805113674448819e+02 0.000000000000000000e+00 7.315977303341372817e+02 -2.822367220193785223e-12 8.757101309287891302e-11 6.362234493075243696e-10 1.738912445665146378e-11 1.131498576082155159e-11 2.523900476661202926e-09 5.697700203638417972e-09 5.770939819726463317e-09 1.084105213098134938e-08 3.428694502100915778e-09 0.000000000000000000e+00 -4.624484415170995706e-13 -3.564639746941459298e-13 6.198470199045740107e-10 0.000000000000000000e+00 3.007413105596272439e-12 0.000000000000000000e+00 0.000000000000000000e+00 1.654993629881909567e-02
1.201331603592700731e+03 1.735801197075976177e+02 0.000000000000000000e+00 7.296965469815712595e+02 -2.815900084186027091e-11 5.062122783118895477e-11 5.830440681640839210e-10 1.708754887315595631e-11 1.111905617433716488e-11 2.522535575041945184e-09 5.693227250647284284e-09 5.766950364013746039e-09 1.084044973140033609e-08 3.428331521595163670e-09 0.000000000000000000e+00 -4.624484391420758161e-13 -3.564639684700871059e-13 6.198464655462083017e-10 0.000000000000000000e+00 2.571714634006033931e-12 0.000000000000000000e+00 0.000000000000000000e+00 1.647999239016811890e-02
1.320216140705508906e+03 1.842797280477503534e+02 0.000000000000000000e+00 7.278014381020670953e+02 -3.660454538241577044e-11 2.757158037756826671e-11 5.340501626753254612e-10 1.678991453754552774e-11 1.092571144057591102e-11 2.521165266130600585e-09 5.688737414977117812e-09 5.762945779935581301e-09 1.083984313137156364e-08 3.427966943566209422e-09 0.000000000000000000e+00 -4.624484383504011639e-13 -3.564639663954008481e-13 6.198459087001719670e-10 0.000000000000000000e+00 4.936595836302972929e-12 0.000000000000000000e+00 0.000000000000000000e+00 1.643071177935663887e-02
1.513515816525905166e+03 2.016766988715860123e+02 0.000000000000000000e+00 7.247295262320939173e+02 -4.404702940519035481e-11 1.171673935959082078e-11 4.625416551611714558e-10 1.631495563684783401e-11 1.061720198383018128e-11 2.518928763871347091e-09 5.681411486174146924e-09 5.756411141345947026e-09 1.083885007996398869e-08 3.427371567790950573e-09 0.000000000000000000e+00 -4.624484376527522693e-13 -3.564639645671209612e-13 6.198449993108693625e-10 0.000000000000000000e+00 5.743268859104424164e-12 0.000000000000000000e+00 0.000000000000000000e+00 1.636877289296516033e-02
1.706815492346301426e+03 2.190736696954216711e+02 0.000000000000000000e+00 7.216631199385260516e+02 -4.652785741278188294e-11 -7.162607859248514863e-12 4.002630366188285413e-10 1.585215633044687980e-11 1.031659807708276605e-11 2.516687633070802053e-09 5.674073575519248498e-09 5.749864725913921761e-09 1.083785063727888403e-08 3.426774512429193895e-09 0.000000000000000000e+00 -4.624484374202026378e-13 -3.564639639576943322e-13 6.198440873507053373e-10 0.000000000000000000e+00 -2.516139178873835189e-13 0.000000000000000000e+00 0.000000000000000000e+00 1.630967521858459404e-02
1.900115168166697686e+03 2.364706405192573300e+02 0.000000000000000000e+00 7.186037809185271499e+02 -4.735480008197906113e-11 -1.345572359886162944e-11 3.460839889371915598e-10 1.540072513194246303e-11 1.002339392728241427e-11 2.514439161086255478e-09 5.666714600029110539e-09 5.743298680018261792e-09 1.083684314163786756e-08 3.426175057341386678e-09 0.000000000000000000e+00 -4.624484373426860603e-13 -3.564639637545521226e-13 6.198431716971705713e-10 0.000000000000000000e+00 -2.249908176884653285e-12 0.000000000000000000e+00 0.000000000000000000e+00 1.626533009489009030e-02
2.228522793718879257e+03 2.660273268189536680e+02 0.000000000000000000e+00 7.134138604678814772e+02 -4.815044329229568223e-11 -2.397811770093062333e-11 2.690386571799188426e-10 1.466041828041359102e-11 9.542569862953644065e-12 2.510609634644233347e-09 5.654188885795478698e-09 5.732120055901967448e-09 1.083511477508309246e-08 3.425153022338740806e-09 0.000000000000000000e+00 -4.624484372681034900e-13 -3.564639635590987950e-13 6.198416105266915781e-10 0.000000000000000000e+00 -2.918538681282783543e-12 0.000000000000000000e+00 0.000000000000000000e+00 1.620065583687853306e-02
2.556930419271061055e+03 2.955840131186500344e+02 0.000000000000000000e+00 7.082328281329893116e+02 -4.841565769573455593e-11 -2.748558240162028796e-11 2.084164645780642014e-10 1.395245000326916317e-11 9.082758975556172109e-12 2.506766903537602357e-09 5.641629917467766200e-09 5.720908711600812126e-09 1.083336343260890913e-08 3.424126112460900459e-09 0.000000000000000000e+00 -4.624484372432426332e-13 -3.564639634939477195e-13 6.198400418164862204e-10 0.000000000000000000e+00 1.549641450901051676e-11 0.000000000000000000e+00 0.000000000000000000e+00 1.616029262610393577e-02
2.744811175979888048e+03 3.124932812224444660e+02 0.000000000000000000e+00 7.052708045510840975e+02 -4.844459206284731291e-11 -2.786823986655762900e-11 1.804714250062552045e-10 1.356194260205431573e-11 8.829130268481834262e-12 2.504564458382264573e-09 5.634436903609910159e-09 5.714485860639015992e-09 1.083235043824788838e-08 3.423536919053053022e-09 0.000000000000000000e+00 -4.624484372405303653e-13 -3.564639634868398429e-13 6.198391417545882150e-10 0.000000000000000000e+00 -6.314520344648663269e-11 0.000000000000000000e+00 0.000000000000000000e+00 1.609280087721125935e-02
2.932691932688715042e+03 3.294025493262388977e+02 0.000000000000000000e+00 7.023107669660513466e+02 -4.845423685188489858e-11 -2.799579235487007710e-11 1.563434083418700792e-10 1.318145223757766796e-11 8.582008518019564637e-12 2.502357749241553689e-09 5.627233039266375699e-09 5.708052459391687810e-09 1.083133005502329548e-08 3.422946142131876280e-09 0.000000000000000000e+00 -4.624484372396262424e-13 -3.564639634844705844e-13 6.198382392215345552e-10 0.000000000000000000e+00 -8.935907609831904815e-11 0.000000000000000000e+00 0.000000000000000000e+00 1.605566927592652626e-02
3.120572689397542035e+03 3.463118174300333294e+02 0.000000000000000000e+00 6.993522314498607102e+02 -4.845745178156409164e-11 -2.803830985097422431e-11 1.353833543547775185e-10 1.281096854673648881e-11 8.341383679477902106e-12 2.500148506302282297e-09 5.620024020138836388e-09 5.701613411576712346e-09 1.083030397714027415e-08 3.422354244255161561e-09 0.000000000000000000e+00 -4.624484372393249354e-13 -3.564639634836808652e-13 6.198373349528547585e-10 0.000000000000000000e+00 -9.809703364892984899e-11 0.000000000000000000e+00 0.000000000000000000e+00 1.602999360770496901e-02
3.403699517025928344e+03 3.717932319165880699e+02 0.000000000000000000e+00 6.948980126095710830e+02 -4.845745178156409164e-11 -2.803830985097422431e-11 1.125370137538420244e-10 1.228272264708824499e-11 7.998282232766582338e-12 2.496813878534659575e-09 5.609152125605278729e-09 5.691899328900396835e-09 1.082874313892658665e-08 3.421459495587041618e-09 0.000000000000000000e+00 -4.624484372393249354e-13 -3.564639634836808652e-13 6.198359679698842676e-10 0.000000000000000000e+00 -9.809703364892984899e-11 0.000000000000000000e+00 0.000000000000000000e+00 1.600344730696519682e-02
4.173316269543152885e+03 4.410587396431383240e+02 0.000000000000000000e+00 6.827833959429084416e+02 -4.845745178156409164e-11 -2.803830985097422431e-11 6.384027541171495193e-11 1.098792149716294453e-11 7.157222305558633709e-12 2.487736395045909870e-09 5.579611990173685493e-09 5.665485454448356315e-09 1.082441549248167595e-08 3.419016194869208015e-09 0.000000000000000000e+00 -4.624484372393249354e-13 -3.564639634836808652e-13 6.198322348120993560e-10 0.000000000000000000e+00 -9.809703364892984899e-11 0.000000000000000000e+00 0.000000000000000000e+00 1.593992819647527259e-02
4.531993000735781607e+03 4.733396454504749045e+02 0.000000000000000000e+00 6.771417512468761970e+02 -4.845745178156409164e-11 -2.803830985097422431e-11 5.253195415148748774e-11 1.041666156262651447e-11 6.786128034496836333e-12 2.483497947851079195e-09 5.565831074096331994e-09 5.653158889783495986e-09 1.082237667858734975e-08 3.417873712581211404e-09 0.000000000000000000e+00 -4.624484372393249354e-13 -3.564639634836808652e-13 6.198304891190921765e-10 0.000000000000000000e+00 -9.809703364892984899e-11 0.000000000000000000e+00 0.000000000000000000e+00 1.591678598812436979e-02
4.890669731928410329e+03 5.056205512578114849e+02 0.000000000000000000e+00 6.714950679459084313e+02 -4.845745178156409164e-11 -2.803830985097422431e-11 4.117788595623472809e-11 9.873941248696871604e-12 6.433548762241956281e-12 2.479256674278443479e-09 5.552053772879555624e-09 5.640831261828253282e-09 1.082031480756959567e-08 3.416728763582635354e-09 0.000000000000000000e+00 -4.624484372393249354e-13 -3.564639634836808652e-13 6.198287395463245114e-10 0.000000000000000000e+00 -9.809703364892984899e-11 0.000000000000000000e+00 0.000000000000000000e+00 1.589418797602447711e-02
5.787361559909982134e+03 5.863228157761529928e+02 0.000000000000000000e+00 6.573616977248606190e+02 -4.845745178156409164e-11 -2.803830985097422431e-11 3.231272902025380933e-11 8.692979361929864165e-12 5.666160617462097876e-12 2.468625092181334244e-09 5.517597908480317890e-09 5.609974279364565493e-09 1.081500955413155222e-08 3.413848002024825991e-09 0.000000000000000000e+00 -4.624484372393249354e-13 -3.564639634836808652e-13 6.198243367828832882e-10 0.000000000000000000e+00 -9.809703364892984899e-11 0.000000000000000000e+00 0.000000000000000000e+00 1.584848142186464151e-02
6.684053387891553939e+03 6.670250802944945008e+02 0.000000000000000000e+00 6.431956772692695949e+02 -4.845745178156409164e-11 -2.803830985097422431e-11 1.598857793206244235e-11 7.646748791995468149e-12 4.986197237244981509e-12 2.457984990223436707e-09 5.483193294840310157e-09 5.579135805205483302e-09 1.080956975535497523e-08 3.410954111940818007e-09 0.000000000000000000e+00 -4.624484372393249354e-13 -3.564639634836808652e-13 6.198199132920558447e-10 0.000000000000000000e+00 -9.809703364892984899e-11 0.000000000000000000e+00 0.000000000000000000e+00 1.579802198663149068e-02
8.911823102258113067e+03 8.675243545874848223e+02 0.000000000000000000e+00 6.078019462392388732e+02 -4.845745178156409164e-11 -2.803830985097422431e-11 -1.205585569850242851e-11 5.586011168285840214e-12 3.646817389977857603e-12 2.431423472386404296e-09 5.397810343713455989e-09 5.502436999613773397e-09 1.079501815280454598e-08 3.403661113145459324e-09 0.000000000000000000e+00 -4.624484372393249354e-13 -3.564639634836808652e-13 6.198087600917885213e-10 0.000000000000000000e+00 -9.809703364892984899e-11 0.000000000000000000e+00 0.000000000000000000e+00 1.568214857479673444e-02
1.282587764176249402e+04 1.219789263142879008e+03 0.000000000000000000e+00 5.450015908853727069e+02 -4.845745178156409164e-11 -2.803830985097422431e-11 -1.205585569850242528e-11 2.843308894246156397e-12 1.866602261312490381e-12 2.384374354057905151e-09 5.248144589500454885e-09 5.367474986036959873e-09 1.076586182817173767e-08 3.390521436598305547e-09 0.000000000000000000e+00 -4.624484372393249354e-13 -3.564639634836808652e-13 6.197886472496118186e-10 0.000000000000000000e+00 -9.809703364892984899e-11 0.000000000000000000e+00 0.000000000000000000e+00 1.550457606179931301e-02
1.673993218126687498e+04 1.572054171698273421e+03 0.000000000000000000e+00 4.812637363480296244e+02 -4.845745178156409164e-11 -2.803830985097422431e-11 -1.205585569850242528e-11 1.038262115102371668e-12 6.967962904695340685e-13 2.336649713295750957e-09 5.098082980964366735e-09 5.231633438159707678e-09 1.073106379501301156e-08 3.376951861269079128e-09 0.000000000000000000e+00 -4.624484372393249354e-13 -3.564639634836808652e-13 6.197678471927418977e-10 0.000000000000000000e+00 -9.809703364892984899e-11 0.000000000000000000e+00 0.000000000000000000e+00 1.533529490711392149e-02
2.065398672077125593e+04 1.924319080253667835e+03 0.000000000000000000e+00 4.163823927073413529e+02 -4.845745178156409164e-11 -2.803830985097422431e-11 -1.205585569850242528e-11 3.408492832983375925e-13 2.319111099876213542e-13 2.288024522046644598e-09 4.947098263229060937e-09 5.094422449613286267e-09 1.068807123233683174e-08 3.362862728201136183e-09 0.000000000000000000e+00 -4.624484372393249354e-13 -3.564639634836808652e-13 6.197462121249728410e-10 0.000000000000000000e+00 -9.809703364892984899e-11 0.000000000000000000e+00 0.000000000000000000e+00 1.516889697382692824e-02
2.456804126027563689e+04 2.276583988809062248e+03 0.000000000000000000e+00 3.502749771853808625e+02 -4.845745178156409164e-11 -2.803830985097422431e-11 -1.205585569850242528e-11 1.037692161389424230e-13 7.184986135438172407e-14 2.238417470040135538e-09 4.795077737668778606e-09 4.955717447688933406e-09 1.063411427725235565e-08 3.348202981868017962e-09 0.000000000000000000e+00 -4.624484372393249354e-13 -3.564639634836808652e-13 6.197236549059106384e-10 0.000000000000000000e+00 -9.809703364892984899e-11 0.000000000000000000e+00 0.000000000000000000e+00 1.499781740980574846e-02
3.249661303029228293e+04 2.990155448110560428e+03 0.000000000000000000e+00 2.103639459633021715e+02 -4.845745178156409164e-11 -2.803830985097422431e-11 -1.205585569850242528e-11 -5.631255318251505241e-14 -3.622707732719784760e-14 2.131899326421994861e-09 4.476272480024387948e-09 4.663252917997269366e-09 1.043651171138727365e-08 3.315703788321635818e-09 0.000000000000000000e+00 -4.624484372393249354e-13 -3.564639634836808652e-13 6.196733862204810832e-10 0.000000000000000000e+00 -9.809703364892984899e-11 0.000000000000000000e+00 0.000000000000000000e+00 1.467079655175044725e-02
4.042518480030893261e+04 3.703726907412058608e+03 0.000000000000000000e+00 6.314156958607050996e+01 -4.845745178156409164e-11 -2.803830985097422431e-11 -1.205585569850242528e-11 -1.096731429563342109e-13 -7.225272355439103815e-14 2.017227080199200696e-09 4.144061620954432462e-09 4.356066302535895764e-09 1.001928778882912204e-08 3.279065949235826025e-09 0.000000000000000000e+00 -4.624484372393249354e-13 -3.564639634836808652e-13 6.196162506637103060e-10 0.000000000000000000e+00 -9.809703364892984899e-11 0.000000000000000000e+00 0.000000000000000000e+00 1.418369905215689786e-02
4.092072053593497549e+04 3.748325123618402358e+03 0.000000000000000000e+00 5.359343192571203218e+01 -4.845745178156409164e-11 -2.803830985097422431e-11 -1.205585569850242528e-11 -1.097426228909355455e-13 -7.229963194791602850e-14 2.009643315791503571e-09 4.122507112304405053e-09 4.336061037356162532e-09 9.980090637212327689e-09 3.276586009641123104e-09 0.000000000000000000e+00 -4.624484372393249354e-13 -3.564639634836808652e-13 6.196123639715742882e-10 0.000000000000000000e+00 -9.809703364892984899e-11 0.000000000000000000e+00 0.000000000000000000e+00 1.420034708498507485e-02
4.141625627156101837e+04 3.792923339824746108e+03 0.000000000000000000e+00 4.395419183424415621e+01 -4.845745178156409164e-11 -2.803830985097422431e-11 -1.205585569850242528e-11 -1.097657828691359946e-13 -7.231526807909102528e-14 2.001927360976141943e-09 4.100666293138933995e-09 4.315781587674339946e-09 9.935399803777399032e-09 3.274051955742680394e-09 0.000000000000000000e+00 -4.624484372393249354e-13 -3.564639634836808652e-13 6.196083863922148013e-10 0.000000000000000000e+00 -9.809703364892984899e-11 0.000000000000000000e+00 0.000000000000000000e+00 1.417281732177686805e-02
4.162131368259977899e+04 3.811378506818234655e+03 0.000000000000000000e+00 3.993222575020773490e+01 -4.845745178156409164e-11 -2.803830985097422431e-11 -1.205585569850242528e-11 -1.097671048277922760e-13 -7.231616058074965290e-14 1.998685433949310931e-09 4.091519959361602868e-09 4.307287065609864112e-09 9.914717554096727694e-09 3.272983803119745568e-09 0.000000000000000000e+00 -4.624484372393249354e-13 -3.564639634836808652e-13 6.196067075869989883e-10 0.000000000000000000e+00 -9.809703364892984899e-11 0.000000000000000000e+00 0.000000000000000000e+00 1.417198828201976166e-02
4.167257803535946732e+04 3.815992298566606678e+03 0.000000000000000000e+00 3.892329760606020983e+01 -4.845745178156409164e-11 -2.803830985097422431e-11 -1.205585569850242528e-11 -1.097671323685976128e-13 -7.231617917453421448e-14 1.997869848211018648e-09 4.089222022427768038e-09 4.305152726710610134e-09 9.909303284555927828e-09 3.272714749819814241e-09 0.000000000000000000e+00 -4.624484372393249354e-13 -3.564639634836808652e-13 6.196062844998086278e-10 0.000000000000000000e+00 -9.809703364892984899e-11 0.000000000000000000e+00 0.000000000000000000e+00 1.417081511939899570e-02
4.172384238811915566e+04 3.820606090314978701e+03 0.000000000000000000e+00 3.791212060173874931e+01 -4.845745178156409164e-11 -2.803830985097422431e-11 -1.205585569850242528e-11 -1.097671415488660669e-13 -7.231618537246240588e-14 1.997050111775697577e-09 4.086914166695510305e-09 4.303009167556884668e-09 9.903712183160098059e-09 3.272444133669747410e-09 0.000000000000000000e+00 -4.624484372393249354e-13 -3.564639634836808652e-13 6.196058587277789063e-10 0.000000000000000000e+00 -9.809703364892984899e-11 0.000000000000000000e+00 0.000000000000000000e+00 1.417440880050449548e-02
4.174368149494316458e+04 3.822391609929139577e+03 0.000000000000000000e+00 3.752013592181636881e+01 -4.845745178156409164e-11 -2.803830985097422431e-11 -1.205585569850242528e-11 -1.097671420071634683e-13 -7.231618568187540023e-14 1.996731783302999249e-09 4.086018471147450809e-09 4.302177238365629905e-09 9.901496700770399589e-09 3.272338995106763026e-09 0.000000000000000000e+00 -4.624484372393249354e-13 -3.564639634836808652e-13 6.196056932577918283e-10 0.000000000000000000e+00 -9.809703364892984899e-11 0.000000000000000000e+00 0.000000000000000000e+00 1.417591476444991956e-02
4.175267100563758868e+04 3.823200665891637527e+03 0.000000000000000000e+00 3.676515463930326888e+01 -4.845745178156409164e-11 -2.803830985097422431e-11 -1.205585569850242528e-11 -1.097671420385290954e-13 -7.231618570305146877e-14 1.981875630053808882e-09 4.055185282242106550e-09 4.270171476083112780e-09 9.847142090052876258e-09 3.258565428333945294e-09 0.000000000000000000e+00 -4.624484372393249354e-13 -3.564639634836808652e-13 6.191807216080914590e-10 0.000000000000000000e+00 -9.809703364892984899e-11 0.000000000000000000e+00 0.000000000000000000e+00 1.409406729202698078e-02
4.176166051633201278e+04 3.824009721854135478e+03 0.000000000000000000e+00 3.579563660702771699e+01 -4.845745178156409164e-11 -2.803830985097422431e-11 -1.205585569850242528e-11 -1.097671420489843044e-13 -7.231618571011015829e-14 1.961512064243342923e-09 4.013040809334507264e-09 4.226407647872212046e-09 9.772291631374404834e-09 3.239418772026794817e-09 0.000000000000000000e+00 -4.624484372393249354e-13 -3.564639634836808652e-13 6.185705021411992217e-10 0.000000000000000000e+00 -9.809703364892984899e-11 0.000000000000000000e+00 0.000000000000000000e+00 1.397883125028319580e-02
4.177065002702643687e+04 3.824818777816633428e+03 0.000000000000000000e+00 3.473836585503396179e+01 -4.845745178156409164e-11 -2.803830985097422431e-11 -1.205585569850242528e-11 -1.097671420524693783e-13 -7.231618571246304638e-14 1.938918633372130867e-09 3.966371199026346168e-09 4.177936497609287422e-09 9.689131468173741703e-09 3.217901943981742426e-09 0.000000000000000000e+00 -4.624484372393249354e-13 -3.564639634836808652e-13 6.178637785545955163e-10 0.000000000000000000e+00 -9.809703364892984899e-11 0.000000000000000000e+00 0.000000000000000000e+00 1.384744223965680976e-02
4.177963953772086097e+04 3.825627833779131379e+03 0.000000000000000000e+00 3.363593075527851539e+01 -4.845745178156409164e-11 -2.803830985097422431e-11 -1.205585569850242528e-11 -1.097671420536310612e-13 -7.231618571324733820e-14 1.915279387823588546e-09 3.917629328890847122e-09 4.127309303928507866e-09 9.601036824423117611e-09 3.195102290887768206e-09 0.000000000000000000e+00 -4.624484372393249354e-13 -3.564639634836808652e-13 6.170930932603954556e-10 0.000000000000000000e+00 -9.809703364892984899e-11 0.000000000000000000e+00 0.000000000000000000e+00 1.371384516224723009e-02
4.178862904841528507e+04 3.826436889741629329e+03 0.000000000000000000e+00 3.250507233236182003e+01 -4.845745178156409164e-11 -2.803830985097422431e-11 -1.205585569850242528e-11 -1.097671420540182846e-13 -7.231618571350876039e-14 1.891080484484584213e-09 3.867810830697314788e-09 4.075560049633915454e-09 9.509778335806207800e-09 3.171487837773292315e-09 0.000000000000000000e+00 -4.624484372393249354e-13 -3.564639634836808652e-13 6.162738959243217709e-10 0.000000000000000000e+00 -9.809703364892984899e-11 0.000000000000000000e+00 0.000000000000000000e+00 1.357466983316140199e-02
4.180542950806651061e+04 3.827948931110239755e+03 0.000000000000000000e+00 3.033895817108638937e+01 -4.845745178156409164e-11 -2.803830985097422431e-11 -1.205585569850242528e-11 -1.097671420544691091e-13 -7.231618571381313448e-14 1.845150041746400325e-09 3.773427414633309624e-09 3.977500689043744407e-09 9.335054957843302440e-09 3.125922809588280572e-09 0.000000000000000000e+00 -4.624484372393249354e-13 -3.564639634836808652e-13 6.146355521662271925e-10 0.000000000000000000e+00 -9.809703364892984899e-11 0.000000000000000000e+00 0.000000000000000000e+00 1.330492900221220964e-02
4.183221967934664281e+04 3.830360046525451708e+03 0.000000000000000000e+00 2.675530075829244581e+01 -4.845745178156409164e-11 -2.803830985097422431e-11 -1.205585569850242528e-11 -1.097671420548512333e-13 -7.231618571407112355e-14 1.770906606118454803e-09 3.621257340302711402e-09 3.819344767198548249e-09 9.049923117155183550e-09 3.050295922698746361e-09 0.000000000000000000e+00 -4.624484372393249354e-13 -3.564639634836808652e-13 6.117589728562599567e-10 0.000000000000000000e+00 -9.809703364892984899e-11 0.000000000000000000e+00 0.000000000000000000e+00 1.286399460224084933e-02
4.185900985062677501e+04 3.832771161940663660e+03 0.000000000000000000e+00 2.296833980572174028e+01 -4.845745178156409164e-11 -2.803830985097422431e-11 -1.205585569850242528e-11 -1.097671420549786123e-13 -7.231618571415711570e-14 1.697269667384434483e-09 3.471035555487231083e-09 3.663335769501845224e-09 8.699112454260245799e-09 2.973351259666353084e-09 0.000000000000000000e+00 -4.624484372393249354e-13 -3.564639634836808652e-13 6.087006407534584862e-10 0.000000000000000000e+00 -9.809703364892984899e-11 0.000000000000000000e+00 0.000000000000000000e+00 1.246643806685057872e-02
4.188580002190690720e+04 3.835182277355875613e+03 0.000000000000000000e+00 1.899822487351531208e+01 -4.845745178156409164e-11 -2.803830985097422431e-11 -1.205585569850242528e-11 -1.097671420550210719e-13 -7.231618571418577975e-14 1.624798190406281354e-09 3.323665940106745248e-09 3.510297407436144187e-09 8.319744726055965031e-09 2.895552004948932074e-09 0.000000000000000000e+00 -4.624484372393249354e-13 -3.564639634836808652e-13 6.054492541146628035e-10 0.000000000000000000e+00 -9.809703364892984899e-11 0.000000000000000000e+00 0.000000000000000000e+00 1.198348690599436613e-02
4.191259019318703940e+04 3.837593392771087565e+03 0.000000000000000000e+00 1.483018713380290698e+01 -4.845745178156409164e-11 -2.803830985097422431e-11 -1.205585569850242528e-11 -1.097671420550352210e-13 -7.231618571419533444e-14 1.554532384356914825e-09 3.181179584530417509e-09 3.362325637001878416e-09 7.917937576720353395e-09 2.818121664366465323e-09 0.000000000000000000e+00 -4.624484372393249354e-13 -3.564639634836808652e-13 6.020554371086926787e-10 0.000000000000000000e+00 -9.809703364892984899e-11 0.000000000000000000e+00 0.000000000000000000e+00 1.150474705444635114e-02
4.195331219728459837e+04 3.841258373139868127e+03 0.000000000000000000e+00 7.998879905129168577e+00 -4.845745178156409164e-11 -2.803830985097422431e-11 -1.205585569850242528e-11 -1.097671420550461135e-13 -7.231618571420269293e-14 1.454778658755231361e-09 2.979531807811604712e-09 3.152921098339054257e-09 7.274379861392707098e-09 2.704823671967132053e-09 0.000000000000000000e+00 -4.624484372393249354e-13 -3.564639634836808652e-13 5.968085079635350060e-10 0.000000000000000000e+00 -9.809703364892984899e-11 0.000000000000000000e+00 0.000000000000000000e+00 1.078517872491506144e-02
4.197153017165289202e+04 3.842897990833014774e+03 0.000000000000000000e+00 4.722569938641749232e+00 -4.845745178156409164e-11 -2.803830985097422431e-11 -1.205585569850242528e-11 -1.097671420550468330e-13 -7.231618571420318518e-14 1.413321743463380960e-09 2.895943556579018354e-09 3.066100763854205944e-09 6.987675407872824851e-09 2.656379676863756395e-09 0.000000000000000000e+00 -4.624484372393249354e-13 -3.564639634836808652e-13 5.944474359617084066e-10 0.000000000000000000e+00 -9.809703364892984899e-11 0.000000000000000000e+00 0.000000000000000000e+00 1.046179621901796412e-02
4.198974814602118568e+04 3.844537608526161421e+03 0.000000000000000000e+00 1.247575880171000628e+00 -4.845745178156409164e-11 -2.803830985097422431e-11 -1.205585569850242528e-11 -1.097671420550470728e-13 -7.231618571420334926e-14 1.374754190948004905e-09 2.818264917460015518e-09 2.985391279355235957e-09 6.719596583521464932e-09 2.610527063793810334e-09 0.000000000000000000e+00 -4.624484372393249354e-13 -3.564639634836808652e-13 5.921352338866906398e-10 0.000000000000000000e+00 -9.809703364892984899e-11 0.000000000000000000e+00 0.000000000000000000e+00 1.015529508349223911e-02
