0.000000000000000000e+00 7.077588102947690629e+01 0.000000000000000000e+00 7.850447026199018410e+02 6.703910280798054125e-08 1.986066478636969701e-09 1.038676982190156470e-09 1.601497071247166863e-11 1.077303274754198249e-11 1.959045326578502488e-09 4.438596673788353419e-09 4.492738832638419843e-09 8.243358349248776745e-09 2.625345623812025629e-09 0.000000000000000000e+00 6.259426757880934871e-13 5.119616396613924542e-13 4.709018613997085148e-10 0.000000000000000000e+00 4.456273209954700372e-10 0.000000000000000000e+00 0.000000000000000000e+00 5.168528527029741387e-02
3.594400430179730405e-02 7.077911598986406716e+01 0.000000000000000000e+00 7.850406361672888806e+02 6.702505312346853841e-08 1.985774399417623092e-09 1.038612923341329470e-09 1.601463098463219203e-11 1.077272467287357920e-11 1.959036416722613701e-09 4.438574151775018739e-09 4.492716192104412781e-09 8.243356260144796151e-09 2.625340655062493160e-09 0.000000000000000000e+00 6.251928190719129018e-13 5.116434929261561063e-13 4.709017989316628955e-10 0.000000000000000000e+00 4.455620737587386661e-10 0.000000000000000000e+00 0.000000000000000000e+00 5.174817458538075177e-02
9.524433880445876355e+00 7.163308007871702898e+01 0.000000000000000000e+00 7.839895751034098339e+02 6.345689099444871684e-08 1.911067007334566210e-09 1.021984306766044533e-09 1.592602120402467707e-11 1.069265053115065652e-11 1.956740589031919457e-09 4.432762070494485904e-09 4.486874549453352355e-09 8.242814648924229515e-09 2.624068847351900034e-09 0.000000000000000000e+00 4.730234079952635329e-13 4.411969872683750457e-13 4.708861545061036383e-10 0.000000000000000000e+00 4.284470447043581766e-10 0.000000000000000000e+00 0.000000000000000000e+00 4.968899070603078477e-02
4.885424693441991195e+01 7.517276325357468636e+01 0.000000000000000000e+00 7.799072748317631749e+02 5.020069445615315177e-08 1.629260846871432812e-09 9.570759278230093474e-10 1.557721507510774202e-11 1.038065152793604959e-11 1.948097773722329420e-09 4.410768442115516628e-09 4.464783553221872060e-09 8.240736878787407793e-09 2.619387934707272354e-09 0.000000000000000000e+00 7.292316219449243690e-14 2.388763727801338164e-13 4.708324721821282619e-10 0.000000000000000000e+00 3.599576234770141161e-10 0.000000000000000000e+00 0.000000000000000000e+00 4.203145862513994746e-02
8.818405998839395465e+01 7.871244642843234374e+01 0.000000000000000000e+00 7.762610486778742143e+02 3.898996227734924045e-08 1.387798058300365471e-09 8.995711087147985313e-10 1.526860003360941032e-11 1.010914618451427039e-11 1.941132524588792258e-09 4.392862785005875842e-09 4.446824944761851144e-09 8.239010452444873961e-09 2.615774625623655491e-09 0.000000000000000000e+00 -6.044358640576459511e-14 1.368937479127591955e-13 4.707959503367051288e-10 0.000000000000000000e+00 2.948430411846461296e-10 0.000000000000000000e+00 0.000000000000000000e+00 3.554728093858673665e-02
1.275138730423679903e+02 8.225212960329000111e+01 0.000000000000000000e+00 7.732072415629625084e+02 2.993074677973415159e-08 1.195177402695428618e-09 8.534199692770969875e-10 1.502676659391008616e-11 9.901521868968473494e-12 1.936487557018082224e-09 4.380721608257693844e-09 4.434684284963643959e-09 8.237806310490923435e-09 2.613520368522234062e-09 0.000000000000000000e+00 -1.250156545987951759e-13 8.712096306507643884e-14 4.707768757930592451e-10 0.000000000000000000e+00 2.346963333726971827e-10 0.000000000000000000e+00 0.000000000000000000e+00 3.030846699673152636e-02
1.668436860963420258e+02 8.579181277814765849e+01 0.000000000000000000e+00 7.708920857770744988e+02 2.287236420084903627e-08 1.051883476069581923e-09 8.204137019312918889e-10 1.486262348293747725e-11 9.765200785422902309e-12 1.933979504942683148e-09 4.374017253616707135e-09 4.428016264797808920e-09 8.237118638130719392e-09 2.612397856322066906e-09 0.000000000000000000e+00 -1.465396773298053779e-13 6.810077996481543396e-14 4.707689792885835461e-10 0.000000000000000000e+00 1.804011754871727830e-10 0.000000000000000000e+00 0.000000000000000000e+00 2.623199472259789278e-02
2.061734991503160472e+02 8.933149595300531587e+01 0.000000000000000000e+00 7.689546568390755965e+02 1.706673513351708031e-08 9.394721604402316941e-10 7.960661813425047918e-10 1.474921224583735251e-11 9.674993293871865594e-12 1.932676878773217685e-09 4.370431655463549330e-09 4.424482709858525938e-09 8.236735485497164377e-09 2.611867862571232595e-09 0.000000000000000000e+00 -1.537143515734754368e-13 6.099151947122550489e-14 4.707659240568769577e-10 0.000000000000000000e+00 1.298596185772465983e-10 0.000000000000000000e+00 0.000000000000000000e+00 2.288300249043105639e-02
2.455033122042900686e+02 9.287117912786297325e+01 0.000000000000000000e+00 7.673879511424811426e+02 1.231045832566755129e-08 8.463326545902989429e-10 7.768103021301880021e-10 1.466430674320214964e-11 9.610429338813200009e-12 1.931950998553790547e-09 4.368362921625360458e-09 4.422470854450159930e-09 8.236504268083474673e-09 2.611602502162828247e-09 0.000000000000000000e+00 -1.561059096546987898e-13 5.826599477952185475e-14 4.707647201021161403e-10 0.000000000000000000e+00 8.662913564901217760e-11 0.000000000000000000e+00 0.000000000000000000e+00 2.013908209616709771e-02
2.848331252582640900e+02 9.641086230272063062e+01 0.000000000000000000e+00 7.661020083750875074e+02 8.432789189444966052e-09 7.629710507283980075e-10 7.599148787425905909e-10 1.459270775054159554e-11 9.558221384213920036e-12 1.931482831675206203e-09 4.366977011231889757e-09 4.421146099290943030e-09 8.236342190452492765e-09 2.611449384703592818e-09 0.000000000000000000e+00 -1.569030956817732492e-13 5.714049237188427444e-14 4.707642039057551850e-10 0.000000000000000000e+00 5.272029711622486355e-11 0.000000000000000000e+00 0.000000000000000000e+00 1.789861927411210904e-02
3.241629383122381114e+02 9.995054547757828800e+01 0.000000000000000000e+00 7.650399209452833702e+02 5.371563385076297580e-09 6.838567556366262963e-10 7.436971157632045995e-10 1.452556740738650394e-11 9.510949082633116721e-12 1.931124021049882414e-09 4.365877043889128482e-09 4.420114278357480269e-09 8.236208573268365213e-09 2.611342577347166962e-09 0.000000000000000000e+00 -1.571688243574647188e-13 5.660515720839903271e-14 4.707639416135531076e-10 0.000000000000000000e+00 2.903931496135535553e-11 0.000000000000000000e+00 0.000000000000000000e+00 1.612239180030856228e-02
3.634927513662121328e+02 1.034902286524359454e+02 0.000000000000000000e+00 7.641542078607936901e+02 3.099346779414410494e-09 6.060081349410918406e-10 7.270805116743132691e-10 1.445746027780764914e-11 9.464268842914588334e-12 1.930803127882867284e-09 4.364866341656870348e-09 4.419182383131058415e-09 8.236082448569004747e-09 2.611252790193830621e-09 0.000000000000000000e+00 -1.572574005826951919e-13 5.628920403043753906e-14 4.707637703481694995e-10 0.000000000000000000e+00 1.467591121954896591e-11 0.000000000000000000e+00 0.000000000000000000e+00 1.479229494611043055e-02
4.028225644201861542e+02 1.070299118272936028e+02 0.000000000000000000e+00 7.634009673092252797e+02 1.572200302491351271e-09 5.294604383243620821e-10 7.094951060494758806e-10 1.438524132533297267e-11 9.415723061242064216e-12 1.930484626189352920e-09 4.363844592662807377e-09 4.418253030543850752e-09 8.235952754710929997e-09 2.611166509095223388e-09 0.000000000000000000e+00 -1.572869259911053495e-13 5.605508786625777548e-14 4.707636274079506323e-10 0.000000000000000000e+00 5.783040796039462480e-12 0.000000000000000000e+00 0.000000000000000000e+00 1.388120317136416933e-02
4.421523774741601756e+02 1.105695950021512601e+02 0.000000000000000000e+00 7.627424258848753880e+02 7.121742510029885902e-10 4.552891564980111087e-10 6.907640550161414693e-10 1.430752639863476795e-11 9.364178514528613741e-12 1.930151947282470358e-09 4.362764862341455571e-09 4.417280493430210655e-09 8.235814295714121278e-09 2.611077677065250091e-09 0.000000000000000000e+00 -1.572967677939087354e-13 5.584971779251273524e-14 4.707634884133840106e-10 0.000000000000000000e+00 2.284489537299086622e-12 0.000000000000000000e+00 0.000000000000000000e+00 1.334597745809599362e-02
4.519848307376536809e+02 1.114545157958656745e+02 0.000000000000000000e+00 7.625892355137206096e+02 5.781172976792798917e-10 4.374596126257977698e-10 6.859560578213798735e-10 1.428741948486138778e-11 9.350920815060372764e-12 1.930066896768592032e-09 4.362487389083182428e-09 4.417031661559480247e-09 8.235778551915217410e-09 2.611055110589938813e-09 0.000000000000000000e+00 -1.572969728314671551e-13 5.580165375863976238e-14 4.707634540146211169e-10 0.000000000000000000e+00 2.536355648804922552e-12 0.000000000000000000e+00 0.000000000000000000e+00 1.325829096054675221e-02
4.618172840011471862e+02 1.123394365895800888e+02 0.000000000000000000e+00 7.624387815667839732e+02 4.679057292053134137e-10 4.200371682287985173e-10 6.811115821174371414e-10 1.426706918366965742e-11 9.337522297881375271e-12 1.929980899440736018e-09 4.362206508695804117e-09 4.416780046847979615e-09 8.235742333599759512e-09 2.611032308824188796e-09 0.000000000000000000e+00 -1.572970411773199701e-13 5.575373332647585921e-14 4.707634193028400514e-10 0.000000000000000000e+00 2.675055169254013861e-12 0.000000000000000000e+00 0.000000000000000000e+00 1.318405177864027077e-02
4.882480116754877031e+02 1.147182020802707285e+02 0.000000000000000000e+00 7.620432923847013171e+02 2.570026097836485185e-10 3.755728060124275675e-10 6.679921497801398898e-10 1.421143564665021113e-11 9.300960572734651904e-12 1.929745681625105985e-09 4.361437221643971225e-09 4.416091845929231588e-09 8.235643015808355012e-09 2.610969969752831611e-09 0.000000000000000000e+00 -1.572972057983711985e-13 5.562455061830469855e-14 4.707633243458214838e-10 0.000000000000000000e+00 2.767683187499356591e-12 0.000000000000000000e+00 0.000000000000000000e+00 1.303321982903299543e-02
5.146787393498282199e+02 1.170969675709613682e+02 0.000000000000000000e+00 7.616579337868561197e+02 1.410489197296731789e-10 3.347564620055987484e-10 6.548199429827952569e-10 1.415477985139278707e-11 9.263801414553621854e-12 1.929505779474111765e-09 4.360651471850429877e-09 4.415389951455831649e-09 8.235541430558326067e-09 2.610906420924246752e-09 0.000000000000000000e+00 -1.572972606720549246e-13 5.549504253668551859e-14 4.707632275122872415e-10 0.000000000000000000e+00 2.607073182268940038e-12 0.000000000000000000e+00 0.000000000000000000e+00 1.293721253491859902e-02
5.411094670241686799e+02 1.194757330616520079e+02 0.000000000000000000e+00 7.612786727099429527e+02 8.034177572354762649e-11 2.977528515290989997e-10 6.417117081601471590e-10 1.409754511585893273e-11 9.226306037942862147e-12 1.929262769250297827e-09 4.359854893858350117e-09 4.414678984710790182e-09 8.235438352640948371e-09 2.610842061859931042e-09 0.000000000000000000e+00 -1.572972789632828416e-13 5.536525340278672795e-14 4.707631294050490217e-10 0.000000000000000000e+00 2.450820904458096744e-12 0.000000000000000000e+00 0.000000000000000000e+00 1.287417817444650066e-02
5.960235418075388907e+02 1.244179997921553280e+02 0.000000000000000000e+00 7.605010478153245685e+02 3.825760687608311022e-11 2.323245609692443342e-10 6.149555399468323449e-10 1.397788187548997616e-11 9.147982599867092764e-12 1.928751992325813049e-09 4.358179624951201951e-09 4.413184701585340142e-09 8.235221345542405610e-09 2.610706794336224643e-09 0.000000000000000000e+00 -1.572972861412138191e-13 5.509511570145426722e-14 4.707629231240010419e-10 0.000000000000000000e+00 1.601244822200627047e-12 0.000000000000000000e+00 0.000000000000000000e+00 1.279653017115565949e-02
6.509376165909091014e+02 1.293602665226586339e+02 0.000000000000000000e+00 7.597271975193683602e+02 -1.409441592783959685e-12 1.808570673703023708e-10 5.891632231757406898e-10 1.385857672638186603e-11 9.069908159960044007e-12 1.928238481051053120e-09 4.356495350149699184e-09 4.411682518187387819e-09 8.235002948504947874e-09 2.610570782653864417e-09 0.000000000000000000e+00 -1.572972801012212607e-13 5.482517144771333989e-14 4.707627157078558106e-10 0.000000000000000000e+00 1.097069382900898553e-12 0.000000000000000000e+00 0.000000000000000000e+00 1.272878946265074314e-02
7.058516913742793122e+02 1.343025332531619540e+02 0.000000000000000000e+00 7.589580833707221927e+02 -1.900044173706944518e-11 1.407683013730107290e-10 5.642833384640591189e-10 1.373949518831627441e-11 8.992005240297829217e-12 1.927721677125881217e-09 4.354800081718752522e-09 4.410170815874421614e-09 8.234782868942493982e-09 2.610433878727961620e-09 0.000000000000000000e+00 -1.572972749525112685e-13 5.455536952778734193e-14 4.707625068954874012e-10 0.000000000000000000e+00 1.804505013486516784e-12 0.000000000000000000e+00 0.000000000000000000e+00 1.268088501620424392e-02
7.607657661576495229e+02 1.392447999836652741e+02 0.000000000000000000e+00 7.581921219703850738e+02 -2.670694980796517183e-11 1.095989388172083129e-10 5.403407128936544646e-10 1.362088576564427922e-11 8.914425709671126277e-12 1.927202585186386085e-09 4.353097298582391679e-09 4.408652535954005901e-09 8.234561555570299411e-09 2.610296343952669947e-09 0.000000000000000000e+00 -1.572972727742399251e-13 5.428597236654132378e-14 4.707622971013908487e-10 0.000000000000000000e+00 3.205555665032317161e-13 0.000000000000000000e+00 0.000000000000000000e+00 1.264279074924220050e-02
8.531109366866653545e+02 1.475558653312766921e+02 0.000000000000000000e+00 7.569085682596742117e+02 -3.136240194868784684e-11 6.985512472662338802e-11 5.021333404722061771e-10 1.342284205061780189e-11 8.784908779768539595e-12 1.926325883308409523e-09 4.350221666302868371e-09 4.406088602929336890e-09 8.234186942422175595e-09 2.610063996310821632e-09 0.000000000000000000e+00 -1.572972707209430059e-13 5.383431655923129777e-14 4.707619426506640774e-10 0.000000000000000000e+00 3.407927648699489775e-13 0.000000000000000000e+00 0.000000000000000000e+00 1.259325073715929395e-02
1.023574027845011528e+03 1.628975435355278591e+02 0.000000000000000000e+00 7.545481753000807430e+02 -3.665017680764204644e-11 1.954441035561689818e-11 4.380446519730842576e-10 1.306300868219381261e-11 8.549612181049624590e-12 1.924700022814507540e-09 4.344890102302435632e-09 4.401334750650017555e-09 8.233489697996780911e-09 2.609632877239516545e-09 0.000000000000000000e+00 -1.572972683887588162e-13 5.300676836927491612e-14 4.707612849267246934e-10 0.000000000000000000e+00 1.370024624082536841e-11 0.000000000000000000e+00 0.000000000000000000e+00 1.252737635252441570e-02
1.194037119003357702e+03 1.782392217397790262e+02 0.000000000000000000e+00 7.521987462696670264e+02 -3.841276842729344631e-11 1.304869888057453704e-12 3.817722921714397690e-10 1.271085666223224745e-11 8.319370001398796264e-12 1.923066331307090173e-09 4.339534835539806835e-09 4.396559237630953785e-09 8.232786281165135214e-09 2.609199387763638237e-09 0.000000000000000000e+00 -1.572972676113640863e-13 5.218775962827032216e-14 4.707606235780962020e-10 0.000000000000000000e+00 -5.786758636956169756e-11 0.000000000000000000e+00 0.000000000000000000e+00 1.243806008570283103e-02
1.364500210161703762e+03 1.935808999440301932e+02 0.000000000000000000e+00 7.498575059942754706e+02 -3.900029896717724626e-11 -4.774976934462357890e-12 3.324767143693221606e-10 1.236663983718122306e-11 8.094337009303289753e-12 1.921426166453313974e-09 4.334159947435910332e-09 4.391765865607285512e-09 8.232078329083674315e-09 2.608763890233652213e-09 0.000000000000000000e+00 -1.572972673522325180e-13 5.137822766192569613e-14 4.707599591187590641e-10 0.000000000000000000e+00 -8.172353057302405612e-11 0.000000000000000000e+00 0.000000000000000000e+00 1.238614300022228797e-02
1.534963301320050050e+03 2.089225781482813602e+02 0.000000000000000000e+00 7.475220723844792019e+02 -3.919614248047184625e-11 -7.497538621980270538e-12 2.893295504959747904e-10 1.203078327140708772e-11 7.874779799386142301e-12 1.919782443684370266e-09 4.328775208874717123e-09 4.386963081703056506e-09 8.231367626822055083e-09 2.608327151284720006e-09 0.000000000000000000e+00 -1.572972672658553286e-13 5.057916215861509164e-14 4.707592927461353850e-10 0.000000000000000000e+00 -8.967551197417817564e-11 0.000000000000000000e+00 0.000000000000000000e+00 1.234856408397395910e-02
1.705426392478396338e+03 2.242642563525325272e+02 0.000000000000000000e+00 7.451915088472856041e+02 -3.926142365157004840e-11 -8.405059184486241421e-12 2.516599900006485555e-10 1.170326130762658051e-11 7.660678412349599663e-12 1.918136031571600618e-09 4.323383557238603680e-09 4.382153427045201237e-09 8.230654570827900875e-09 2.607889397340740054e-09 0.000000000000000000e+00 -1.572972672370629406e-13 4.979075120786249354e-14 4.707586248109428168e-10 0.000000000000000000e+00 -9.232617244122955743e-11 0.000000000000000000e+00 0.000000000000000000e+00 1.231816607113134926e-02
2.021814123765078193e+03 2.527391521683339022e+02 0.000000000000000000e+00 7.408743903256346357e+02 -3.933638635344621505e-11 -9.447169677131903576e-12 1.931530705540100845e-10 1.111694611240044952e-11 7.277413786040040711e-12 1.915074572390423317e-09 4.313363585652539446e-09 4.373213052406783506e-09 8.229323194711846812e-09 2.607074578954868366e-09 0.000000000000000000e+00 -1.572972672040005052e-13 4.835560679975782980e-14 4.707573814815446332e-10 0.000000000000000000e+00 -9.536993938082120994e-11 0.000000000000000000e+00 0.000000000000000000e+00 1.227021792781037186e-02
2.525677078050703130e+03 2.980868180540401227e+02 0.000000000000000000e+00 7.340145283205253008e+02 -3.939976012668066682e-11 -1.032817412858913987e-11 1.231282249351705679e-10 1.023878853777473766e-11 6.703389675794937118e-12 1.910186772506214445e-09 4.297382137793306211e-09 4.358948002829361680e-09 8.227179693392002355e-09 2.605771408725320118e-09 0.000000000000000000e+00 -1.572972671760493837e-13 4.614486203039378971e-14 4.707553927800673653e-10 0.000000000000000000e+00 -9.794315233847099460e-11 0.000000000000000000e+00 0.000000000000000000e+00 1.220896252526425078e-02
3.285033225099233732e+03 3.664288712884078905e+02 0.000000000000000000e+00 7.236967697694519757e+02 -3.944773948984555726e-11 -1.099516980154639252e-11 5.257964795480292694e-11 9.035779127493824334e-12 5.917017557368543843e-12 1.902802434521715770e-09 4.273275784236169111e-09 4.337417368134149960e-09 8.223899274157730249e-09 2.603797283640471429e-09 0.000000000000000000e+00 -1.572972671548879943e-13 4.298356492651737214e-14 4.707523796742346715e-10 0.000000000000000000e+00 -9.989129449088694910e-11 0.000000000000000000e+00 0.000000000000000000e+00 1.213749355540647869e-02
4.044389372147764334e+03 4.347709245227756583e+02 0.000000000000000000e+00 7.133957605857465296e+02 -3.946373261090052290e-11 -1.121750169253214394e-11 1.700520504816268723e-11 7.966575983978907686e-12 5.218093619293697478e-12 1.895397820244020863e-09 4.249150038798733290e-09 4.315853317147357275e-09 8.220553331306333933e-09 2.601811226554357686e-09 0.000000000000000000e+00 -1.572972671478341894e-13 4.001883685724609984e-14 4.707493476756126068e-10 0.000000000000000000e+00 -1.005406752083589296e-10 0.000000000000000000e+00 0.000000000000000000e+00 1.208711484082743322e-02
5.376124286195900822e+03 5.546270667871079922e+02 0.000000000000000000e+00 6.953259077097393401e+02 -3.948012931334437099e-11 -1.144544405898722049e-11 -1.149683283464131552e-11 6.369907850192022060e-12 4.174258583524419746e-12 1.882386255990108016e-09 4.206872529831659927e-09 4.278024879725395375e-09 8.214522023321053008e-09 2.598305176872169882e-09 0.000000000000000000e+00 -1.572972671406023922e-13 3.526172620761702423e-14 4.707439933422389400e-10 0.000000000000000000e+00 -1.012064428443673123e-10 0.000000000000000000e+00 0.000000000000000000e+00 1.201847553620969712e-02
7.452633350108858394e+03 7.415128825392741874e+02 0.000000000000000000e+00 6.671017536770305014e+02 -3.949880788453738295e-11 -1.170510832589180918e-11 -2.940316554181102509e-11 4.471471910091158395e-12 2.932769296347379465e-12 1.862077563613683607e-09 4.141180511562742660e-09 4.219142384967968823e-09 8.204733959239718362e-09 2.592791501960760257e-09 0.000000000000000000e+00 -1.572972671323641600e-13 2.887220137971860918e-14 4.707355683963634382e-10 0.000000000000000000e+00 -1.019648629126567700e-10 0.000000000000000000e+00 0.000000000000000000e+00 1.192558381169923562e-02
9.529142414021815057e+03 9.283986982914403825e+02 0.000000000000000000e+00 6.387831472386976657e+02 -3.950692288311960761e-11 -1.181792076406019090e-11 -3.180169368504085351e-11 3.113117871570238521e-12 2.044083891843205644e-12 1.841732246186254319e-09 4.075741527319826684e-09 4.160360126653106322e-09 8.194393480536149173e-09 2.587216150291837694e-09 0.000000000000000000e+00 -1.572972671287850287e-13 2.357296599939904582e-14 4.707270427084358608e-10 0.000000000000000000e+00 -1.022943623007685841e-10 0.000000000000000000e+00 0.000000000000000000e+00 1.184511254638125240e-02
1.265215657669024949e+04 1.209469972931599614e+03 0.000000000000000000e+00 5.959671240120077300e+02 -3.951194959695215170e-11 -1.188780073232863273e-11 -2.594752710014388636e-11 1.861710838299356799e-12 1.224351387224928844e-12 1.811048418404400093e-09 3.977768186031078242e-09 4.072113195776620623e-09 8.177619003768953983e-09 2.578706738045935973e-09 0.000000000000000000e+00 -1.572972671265679887e-13 1.730723533425306314e-14 4.707140166552250278e-10 0.000000000000000000e+00 -1.024984657414845532e-10 0.000000000000000000e+00 0.000000000000000000e+00 1.173002376372116184e-02
1.802788151080999887e+04 1.693285217002377067e+03 0.000000000000000000e+00 5.215999420354200993e+02 -3.951481382654234642e-11 -1.192761845013473142e-11 -1.353272399604002751e-14 8.210334884946744681e-13 5.414034955758674040e-13 1.758010394156098152e-09 3.810471431643669849e-09 3.920743032934301940e-09 8.144810621225782398e-09 2.563701350984862086e-09 0.000000000000000000e+00 -1.572972671253047006e-13 1.007782285494557453e-14 4.706910050695114867e-10 0.000000000000000000e+00 -1.026147642088001537e-10 0.000000000000000000e+00 0.000000000000000000e+00 1.154015347906328821e-02
2.044453535257870317e+04 1.910784062761560335e+03 0.000000000000000000e+00 4.878171433984185228e+02 -3.951504313655044332e-11 -1.193080625366272949e-11 1.756948677317513844e-12 5.529657243803445553e-13 3.651040559254523729e-13 1.734029586402454505e-09 3.735710830815147919e-09 3.852815965566726723e-09 8.128009912969938791e-09 2.556788298217920117e-09 0.000000000000000000e+00 -1.572972671252035497e-13 7.833429232760671698e-15 4.706803836858010138e-10 0.000000000000000000e+00 -1.026240750554492480e-10 0.000000000000000000e+00 0.000000000000000000e+00 1.145273354602758219e-02
2.286118919434740747e+04 2.128282908520743604e+03 0.000000000000000000e+00 4.537045666255116885e+02 -3.951505717791586683e-11 -1.193100145279336871e-11 -3.324960856678044450e-12 3.084894131678387324e-13 2.048755558336373371e-13 1.709852286488752004e-09 3.660938594475462463e-09 3.784702887187268508e-09 8.109195490162497612e-09 2.549732817687370711e-09 0.000000000000000000e+00 -1.572972671251973398e-13 6.036075121470483418e-15 4.706695272923945236e-10 0.000000000000000000e+00 -1.026246451875654428e-10 0.000000000000000000e+00 0.000000000000000000e+00 1.136720763947225189e-02
2.737139930785496472e+04 2.534201818736423775e+03 0.000000000000000000e+00 3.892225551468835079e+02 -3.951495285574223833e-11 -1.192955119514482995e-11 -1.314849909321180920e-11 2.297368970583298753e-13 1.524805043842790448e-13 1.664263654551111257e-09 3.521574510021915220e-09 3.657264490222331454e-09 8.068066557818063203e-09 2.536186172369262209e-09 0.000000000000000000e+00 -1.572972671252433588e-13 3.714657803381120849e-15 4.706486373257645401e-10 0.000000000000000000e+00 -1.026204093159225973e-10 0.000000000000000000e+00 0.000000000000000000e+00 1.119408490383897413e-02
3.188160942136252197e+04 2.940120728952103946e+03 0.000000000000000000e+00 3.235661713466411129e+02 -3.951492361853656810e-11 -1.192914474769771736e-11 -4.207324765043627531e-11 4.742378139536534590e-13 3.108981830834845799e-13 1.618001128092477941e-09 3.382361103692190386e-09 3.529316220835005000e-09 8.016635397278679513e-09 2.522099694269435523e-09 0.000000000000000000e+00 -1.572972671252562330e-13 2.258979104304843189e-15 4.706268471512155986e-10 0.000000000000000000e+00 -1.026192221756808257e-10 0.000000000000000000e+00 0.000000000000000000e+00 1.100925385763217544e-02
3.639181953487008286e+04 3.346039639167784117e+03 0.000000000000000000e+00 2.561668740998038629e+02 -3.951497114530070602e-11 -1.192980545146566250e-11 -6.458196651454478777e-11 6.903756933088517867e-13 4.511512793039839823e-13 1.570443312695981037e-09 3.241801029801964639e-09 3.399476986922838865e-09 7.945677302038750582e-09 2.507234340497727947e-09 0.000000000000000000e+00 -1.572972671252352808e-13 1.441613863824002711e-15 4.706037579690373050e-10 0.000000000000000000e+00 -1.026211519406145029e-10 0.000000000000000000e+00 0.000000000000000000e+00 1.084186201879570703e-02
4.090202964837764011e+04 3.751958549383464288e+03 0.000000000000000000e+00 1.860888042527757875e+02 -3.951501755460982341e-11 -1.193045062068684469e-11 -7.142794320815196279e-11 6.604914769618610629e-13 4.307710053728316740e-13 1.520543591431660702e-09 3.097468616110176667e-09 3.265484243465436000e-09 7.831337934497065472e-09 2.491176057749086353e-09 0.000000000000000000e+00 -1.572972671252148083e-13 7.576824320238240072e-16 4.705786744743235504e-10 0.000000000000000000e+00 -1.026230363326820756e-10 0.000000000000000000e+00 0.000000000000000000e+00 1.068227454688385793e-02
4.541223976188519737e+04 4.157877459599144458e+03 0.000000000000000000e+00 1.135218000934711995e+02 -3.951503202879218393e-11 -1.193065183671734791e-11 -6.949267778380107513e-11 3.458812304543812355e-13 2.255627409133058073e-13 1.468348032447521671e-09 2.949736877291830060e-09 3.127600452222342697e-09 7.657659249822408843e-09 2.473856008207513867e-09 0.000000000000000000e+00 -1.572972671252084217e-13 2.549199968089066788e-16 4.705514536929938985e-10 0.000000000000000000e+00 -1.026236240387897188e-10 0.000000000000000000e+00 0.000000000000000000e+00 1.044432559981702500e-02
4.992244987539275462e+04 4.563796369814824175e+03 0.000000000000000000e+00 3.805998236469086748e+01 -3.951502691541090930e-11 -1.193058075192254896e-11 -6.685337197641554457e-11 4.210160440199860121e-14 2.806741568889981397e-14 1.412976185774742820e-09 2.796881904651763239e-09 2.984125645849343314e-09 7.350944066302966696e-09 2.454830581464244917e-09 0.000000000000000000e+00 -1.572972671252106684e-13 4.993907208957445409e-17 4.705213074459493591e-10 0.000000000000000000e+00 -1.026234164163256482e-10 0.000000000000000000e+00 0.000000000000000000e+00 1.018754664322643090e-02
5.011539079366652732e+04 4.581161052459463463e+03 0.000000000000000000e+00 2.498364331618063616e+01 -3.951502691614598852e-11 -1.193058076214139608e-11 -6.685362513174426704e-11 2.999887120807753144e-14 1.902335138388888855e-14 1.209822099252851090e-09 2.394357813950384190e-09 2.560215929919405250e-09 6.512580974682483583e-09 2.228923159945958022e-09 0.000000000000000000e+00 -1.572972671252106684e-13 4.995527846603961504e-17 4.614201561864807420e-10 0.000000000000000000e+00 -1.026234164461725736e-10 0.000000000000000000e+00 0.000000000000000000e+00 8.974468389340147997e-03
5.021297258428751229e+04 4.589943413615352256e+03 0.000000000000000000e+00 1.166749543249440180e+01 -3.951502691618244263e-11 -1.193058076264823161e-11 -6.685364010757326333e-11 2.097022824422099067e-14 1.189117007622109229e-14 1.007428173315936520e-09 1.996104927915055287e-09 2.140602111742637859e-09 5.454950427402010281e-09 1.993473898830386203e-09 0.000000000000000000e+00 -1.572972671252106684e-13 4.995628852818622811e-17 4.510381428989766852e-10 0.000000000000000000e+00 -1.026234164476529297e-10 0.000000000000000000e+00 0.000000000000000000e+00 7.673207813478139482e-03
5.027432485078290483e+04 4.595465117599937003e+03 0.000000000000000000e+00 1.643814937961168177e+00 -3.951502691617866215e-11 -1.193058076259572826e-11 -6.685363879552335102e-11 1.675082357802478503e-14 8.622503509157940827e-15 8.984309367893547195e-10 1.783144525248641498e-09 1.916227794511502605e-09 4.699792380805499603e-09 1.856706117983693879e-09 0.000000000000000000e+00 -1.572972671252106684e-13 4.995620257860759984e-17 4.441066210080955257e-10 0.000000000000000000e+00 -1.026234164474995781e-10 0.000000000000000000e+00 0.000000000000000000e+00 6.831446311147329822e-03
