0.000000000000000000e+00 5.731763396142088141e+01 0.000000000000000000e+00 7.875049171595394455e+02 4.335946375933069946e-06 7.612119694955493670e-08 1.760961446153315483e-08 1.809387583965591918e-10 1.319217975330599943e-10 1.868270529997747385e-08 4.256564057027044723e-08 4.306941182340857835e-08 7.482949027133153829e-08 2.430853957073580408e-08 7.023689986350276712e-11 4.580143145907734785e-10 1.402287233928312978e-09 4.271064474046957357e-09 0.000000000000000000e+00 6.513385586085775535e-09 0.000000000000000000e+00 0.000000000000000000e+00 2.588605301113128476e+00
7.737745234402278183e-02 5.732459793213184440e+01 0.000000000000000000e+00 7.874863287279536053e+02 4.335582329587610684e-06 7.611605107671741962e-08 1.760905125512460195e-08 1.809365221963981064e-10 1.319195834725524836e-10 1.868264492353875798e-08 4.256549076436449203e-08 4.306926095453831951e-08 7.482947760119437729e-08 2.430850305924283418e-08 7.012591950045012303e-11 4.576038554148315013e-10 1.401564627509019426e-09 4.271063845730815311e-09 0.000000000000000000e+00 6.514007705221074297e-09 0.000000000000000000e+00 0.000000000000000000e+00 2.591790449625405390e+00
5.318829961461739941e+01 6.210458092673644614e+01 0.000000000000000000e+00 7.747066724328475402e+02 4.092822323250528411e-06 7.262490586606004983e-08 1.721544243380125776e-08 1.793477380059714744e-10 1.303490772834697533e-10 1.863880933464464291e-08 4.245688419505636541e-08 4.295986755693849902e-08 7.482017311924968884e-08 2.428180764141166267e-08 -1.035269722156618962e-11 2.335740113254671072e-10 1.001327256807905767e-09 4.270596376792673061e-09 0.000000000000000000e+00 6.878903522787830545e-09 0.000000000000000000e+00 0.000000000000000000e+00 2.454444198294756685e+00
1.873305955249248882e+02 7.417738755866412248e+01 0.000000000000000000e+00 7.423340422951637265e+02 3.510251389687921023e-06 6.400582354787450651e-08 1.619149303421944701e-08 1.750879365944507984e-10 1.261524937108343086e-10 1.851670145775054794e-08 4.215511309539852389e-08 4.265582783254341244e-08 7.479379327241167687e-08 2.420650605933452990e-08 -7.810766474527347052e-11 -1.290109809294653978e-11 1.641304095931692299e-10 4.269236074170320086e-09 0.000000000000000000e+00 7.576540438394540735e-09 0.000000000000000000e+00 0.000000000000000000e+00 2.124401585565065975e+00
3.214728914352323841e+02 8.625019419059179882e+01 0.000000000000000000e+00 7.098307018827462116e+02 2.968683492354009260e-06 5.567829901838347041e-08 1.512641922877194290e-08 1.704632337112865832e-10 1.216212730247108775e-10 1.837721321781473228e-08 4.181158840829830099e-08 4.230962710849825336e-08 7.476255468208905936e-08 2.411904312498725815e-08 -1.006926539198425642e-10 -9.505946789908441351e-11 -1.149352061450763168e-10 4.267591069210493901e-09 0.000000000000000000e+00 7.961341444032841256e-09 0.000000000000000000e+00 0.000000000000000000e+00 1.817855839599896495e+00
4.556151873455398800e+02 9.832300082251947515e+01 0.000000000000000000e+00 6.771730585681348202e+02 2.472162616568025949e-06 4.771660481098410106e-08 1.401643650967476706e-08 1.653963380728402950e-10 1.166924573484574615e-10 1.821581865853235980e-08 4.141558866956536306e-08 4.191044533065787519e-08 7.472479914083565319e-08 2.401604178240539344e-08 -1.082209836446989287e-10 -1.224455911677970467e-10 -3.829414586779301136e-10 4.265571459106081293e-09 0.000000000000000000e+00 8.031501500486142617e-09 0.000000000000000000e+00 0.000000000000000000e+00 1.535997503608964587e+00
5.897574832558473190e+02 1.103958074544471515e+02 0.000000000000000000e+00 6.443439263694889405e+02 2.021687666442505679e-06 4.018276020263944355e-08 1.286303150993472955e-08 1.598274070104254627e-10 1.113249391877822495e-10 1.802815540560754764e-08 4.095688956131734727e-08 4.144796857959460065e-08 7.467858907326819896e-08 2.389408712509296896e-08 -1.107304268863177212e-10 -1.315742989240345997e-10 -4.722768761888814481e-10 4.263079619519807685e-09 0.000000000000000000e+00 7.824490754862645303e-09 0.000000000000000000e+00 0.000000000000000000e+00 1.279616947416819084e+00
8.575619125723214893e+02 1.344982060929298200e+02 0.000000000000000000e+00 5.781580269092769413e+02 1.262762513404598492e-06 2.680557519338998867e-08 1.045006334585084264e-08 1.468432697865624001e-10 9.907939779984502320e-11 1.754706518788537000e-08 3.978840429112119567e-08 4.026963147436547026e-08 7.454623379195077465e-08 2.357183126510825955e-08 -1.140643851861642439e-10 -1.437023799605073564e-10 -5.909647794421787474e-10 4.256057349707424839e-09 0.000000000000000000e+00 6.825204192801577828e-09 0.000000000000000000e+00 0.000000000000000000e+00 8.453957894786732208e-01
1.125366341888795660e+03 1.586006047314124885e+02 0.000000000000000000e+00 5.137207321766628638e+02 6.968039258147916867e-07 1.590954771485863999e-08 7.992077410014602440e-09 1.315156643890730151e-10 8.512563638946090061e-11 1.691482203068022728e-08 3.826250553277557207e-08 3.873069731539359527e-08 7.434393732604261234e-08 2.313476282886821513e-08 -1.151757046194464268e-10 -1.477450736393316173e-10 -6.305274138599444793e-10 4.246019066516024839e-09 0.000000000000000000e+00 5.128015579582383803e-09 0.000000000000000000e+00 0.000000000000000000e+00 5.181816697513107473e-01
1.393170771205269830e+03 1.827030033698951570e+02 0.000000000000000000e+00 4.551723389864188789e+02 3.215348555626039194e-07 7.995397139127542825e-09 5.704949010660440612e-09 1.148160330923507620e-10 7.063791205551740074e-11 1.618682618087912339e-08 3.650766819677262764e-08 3.696139898472233212e-08 7.406091999384059302e-08 2.262877125174762191e-08 -1.155461444305404791e-10 -1.490926381989396870e-10 -6.437149586658663555e-10 4.234768820795320887e-09 0.000000000000000000e+00 3.011640057642888887e-09 0.000000000000000000e+00 0.000000000000000000e+00 2.982021966095145249e-01
1.460121878534388316e+03 1.887286030295158241e+02 0.000000000000000000e+00 4.416088861064488356e+02 2.560343438361409788e-07 6.573533097287668051e-09 5.182261244472168104e-09 1.105592267837908500e-10 6.706527049176819676e-11 1.599868956705890540e-08 3.605363995537618428e-08 3.650374642363213889e-08 7.397984998760280250e-08 2.249876093352054146e-08 -1.155538619266049340e-10 -1.491207124605981745e-10 -6.439896991826563989e-10 4.232005892786472708e-09 0.000000000000000000e+00 2.584517649083453854e-09 0.000000000000000000e+00 0.000000000000000000e+00 2.593395550855562837e-01
1.527072985863506801e+03 1.947542026891364912e+02 0.000000000000000000e+00 4.287296601836562786e+02 2.006741543331867000e-07 5.363637314405758443e-09 4.702844874300539143e-09 1.065067597092675663e-10 6.372699306934377716e-11 1.582509855701139983e-08 3.563294855705814836e-08 3.607981864215481268e-08 7.390105870183283204e-08 2.238113659215242593e-08 -1.155564344252930856e-10 -1.491300705478176617e-10 -6.440812793549197123e-10 4.229677667185536143e-09 0.000000000000000000e+00 2.163057181781690816e-09 0.000000000000000000e+00 0.000000000000000000e+00 2.263044168770068643e-01
1.631069583514922670e+03 2.041138964777639160e+02 0.000000000000000000e+00 4.109318855208398418e+02 1.333262176463387923e-07 3.952095430675838554e-09 4.120398387551829547e-09 1.016156606999675069e-10 5.981470078699923870e-11 1.564586471075445456e-08 3.519201668884039925e-08 3.563611508710130046e-08 7.381361379080257320e-08 2.226742988123943439e-08 -1.155585034069524998e-10 -1.491375969698576068e-10 -6.441549344738322271e-10 4.227779909044358100e-09 0.000000000000000000e+00 1.565875022308830164e-09 0.000000000000000000e+00 0.000000000000000000e+00 1.862046522705193274e-01
1.735066181166338538e+03 2.134735902663913407e+02 0.000000000000000000e+00 3.990675217574631688e+02 8.420566723569193640e-08 3.183391554868650858e-09 3.845089953951868187e-09 9.948743567177565396e-11 5.819050931183479756e-11 1.558257389599842723e-08 3.503461122650792672e-08 3.547823684818946246e-08 7.378163462051345502e-08 2.222837209993997655e-08 -1.155591930675056465e-10 -1.491401057772042379e-10 -6.441794861801364332e-10 4.227144756843731126e-09 0.000000000000000000e+00 9.511342133537253566e-10 0.000000000000000000e+00 0.000000000000000000e+00 1.573354869386937582e-01
1.789566620215868625e+03 2.183786297808490247e+02 0.000000000000000000e+00 3.945771880900202859e+02 6.419644053703451488e-08 2.930377038831421698e-09 3.770253604874079655e-09 9.899159752449067906e-11 5.785243836539693280e-11 1.557488142739156395e-08 3.501451918100586697e-08 3.545840267242722461e-08 7.377711757924120496e-08 2.222420311121582588e-08 -1.155592562033322744e-10 -1.491403354490695377e-10 -6.441817337963953581e-10 4.227085429500421623e-09 0.000000000000000000e+00 6.566899174985622860e-10 0.000000000000000000e+00 0.000000000000000000e+00 1.456613752780248350e-01
1.844067059265398711e+03 2.232836692953067086e+02 0.000000000000000000e+00 3.908086631280268648e+02 4.727649597843435445e-08 2.705331747622781709e-09 3.706637007295069405e-09 9.859458173121423950e-11 5.759780693140589342e-11 1.557104314030310127e-08 3.500391760440541225e-08 3.544814958834138778e-08 7.377447869467528764e-08 2.222243416263317942e-08 -1.155592772486078170e-10 -1.491404120063579883e-10 -6.441824830018149998e-10 4.227064989583348070e-09 0.000000000000000000e+00 4.215886675866859414e-10 0.000000000000000000e+00 0.000000000000000000e+00 1.357898207799224932e-01
1.898567498314928798e+03 2.281887088097643925e+02 0.000000000000000000e+00 3.876270782866442914e+02 3.339496751898493672e-08 2.491564731494034809e-09 3.646385600925536629e-09 9.822959407437629816e-11 5.737273642921368077e-11 1.556856671170118230e-08 3.499666263837854068e-08 3.544129794296237154e-08 7.377249828276635910e-08 2.222149629559853091e-08 -1.155592842636996602e-10 -1.491404375254541298e-10 -6.441827327369548459e-10 4.227057598299820145e-09 0.000000000000000000e+00 2.615798947560883615e-10 0.000000000000000000e+00 0.000000000000000000e+00 1.276820742063794756e-01
2.003728702569500228e+03 2.376532171926758110e+02 0.000000000000000000e+00 3.820501658670470420e+02 1.450024672677827995e-08 2.072942336374608162e-09 3.519905972767998759e-09 9.747073549351038214e-11 5.691620631013910149e-11 1.556404806411776865e-08 3.498300766050629519e-08 3.542862742807879427e-08 7.376858035993237260e-08 2.221992823835704997e-08 -1.155592929697907422e-10 -1.491404691959696797e-10 -6.441830426711541125e-10 4.227047804387317082e-09 0.000000000000000000e+00 1.362173019793461555e-10 0.000000000000000000e+00 0.000000000000000000e+00 1.166129642743059108e-01
2.030019003633143029e+03 2.400193442884036585e+02 0.000000000000000000e+00 3.808048247724329940e+02 1.131131212527694519e-08 1.970154105920162590e-09 3.487111468971019681e-09 9.727546232360012860e-11 5.680126396724649091e-11 1.556307755798430713e-08 3.497993892460143827e-08 3.542584175724695985e-08 7.376764221449072629e-08 2.221964664521252393e-08 -1.155592931511676432e-10 -1.491404698557720789e-10 -6.441830491281165649e-10 4.227047205154411104e-09 0.000000000000000000e+00 1.001468602007337881e-10 0.000000000000000000e+00 0.000000000000000000e+00 1.147119411593781196e-01
2.056309304696786057e+03 2.423854713841315061e+02 0.000000000000000000e+00 3.796035016104333977e+02 8.694136070512004113e-09 1.868675009925016599e-09 3.453615071936898900e-09 9.707553961245474169e-11 5.668407962776878386e-11 1.556209824065364626e-08 3.497682511085972170e-08 3.542302584083396672e-08 7.376668129633122969e-08 2.221936696288099776e-08 -1.155592932116266102e-10 -1.491404700757062206e-10 -6.441830512804374168e-10 4.227046711141866818e-09 0.000000000000000000e+00 8.620650310760074903e-11 0.000000000000000000e+00 0.000000000000000000e+00 1.131476333437350795e-01
2.107814870188828991e+03 2.470209722784153428e+02 0.000000000000000000e+00 3.773427805333053584e+02 4.966338328834544125e-09 1.676316945469502128e-09 3.386267313967345515e-09 9.667085189367088377e-11 5.644784083424400789e-11 1.556012302830313398e-08 3.497052185036361856e-08 3.541734447126289624e-08 7.376471959469510782e-08 2.221880531195036875e-08 -1.155592932889759591e-10 -1.491404703570832089e-10 -6.441830540340507453e-10 4.227045756867478529e-09 0.000000000000000000e+00 8.365177947313984258e-11 0.000000000000000000e+00 0.000000000000000000e+00 1.108907852982530251e-01
2.159320435680871924e+03 2.516564731726991795e+02 0.000000000000000000e+00 3.751757807518450250e+02 2.732282413696566121e-09 1.495095728843099136e-09 3.317319590234313292e-09 9.625205828214369690e-11 5.620435529254150058e-11 1.555808328086212882e-08 3.496398923983966311e-08 3.541147589181112675e-08 7.376266366253273883e-08 2.221822793630824498e-08 -1.155592933147590754e-10 -1.491404704508755384e-10 -6.441830549519218892e-10 4.227044821202899572e-09 0.000000000000000000e+00 9.143470817883306693e-11 0.000000000000000000e+00 0.000000000000000000e+00 1.094953216135600427e-01
2.210826001172914857e+03 2.562919740669830162e+02 0.000000000000000000e+00 3.730675464259014689e+02 1.499489721704536091e-09 1.327920488732232814e-09 3.247743324187813298e-09 9.582383428363530928e-11 5.595600061135197935e-11 1.555599424438008805e-08 3.495728549449721403e-08 3.540546553899828318e-08 7.376053610628890255e-08 2.221763762239928116e-08 -1.155592933233534432e-10 -1.491404704821396568e-10 -6.441830552578789372e-10 4.227043879217714440e-09 0.000000000000000000e+00 8.705928347217041079e-11 0.000000000000000000e+00 0.000000000000000000e+00 1.086625001388094869e-01
2.312795575498833387e+03 2.654692357563156975e+02 0.000000000000000000e+00 3.689613841754725172e+02 2.103485208591065026e-10 1.043897489218555930e-09 3.111704349941992780e-09 9.496690613486027672e-11 5.545970156885050805e-11 1.555179053871781674e-08 3.494378275149465366e-08 3.539337267098625227e-08 7.375621133111147881e-08 2.221645049603731672e-08 -1.155592933264157822e-10 -1.491404704932796858e-10 -6.441830553668975162e-10 4.227041996390396942e-09 0.000000000000000000e+00 6.326761688087918619e-11 0.000000000000000000e+00 0.000000000000000000e+00 1.076808231518431719e-01
2.414765149824751916e+03 2.746464974456483787e+02 0.000000000000000000e+00 3.649122597789134943e+02 -6.102247234678295276e-11 8.152199113991669233e-10 2.978907557752428568e-09 9.410321295611290202e-11 5.496007354669424591e-11 1.554751783574196784e-08 3.493004925492203145e-08 3.538108435819405171e-08 7.375175846130451248e-08 2.221524411588316557e-08 -1.155592933236945389e-10 -1.491404704833805053e-10 -6.441830552700219486e-10 4.227040087305704933e-09 0.000000000000000000e+00 3.724764504202651839e-11 0.000000000000000000e+00 0.000000000000000000e+00 1.073124137825430535e-01
2.516734724150670445e+03 2.838237591349810600e+02 0.000000000000000000e+00 3.608825987720989019e+02 6.762048577292041782e-13 6.356971152221524410e-10 2.850661465707065270e-09 9.324049409364633868e-11 5.446120118650619025e-11 1.554321038111124785e-08 3.491620353748247529e-08 3.536869899208515599e-08 7.374722305367240830e-08 2.221402765492130044e-08 -1.155592933214060403e-10 -1.491404704750555528e-10 -6.441830551885523097e-10 4.227038161723846865e-09 0.000000000000000000e+00 1.584559025947752636e-11 0.000000000000000000e+00 0.000000000000000000e+00 1.071578039585979331e-01
2.588655260326550888e+03 2.902966073908103226e+02 0.000000000000000000e+00 3.580408008716070185e+02 3.410747001323897306e-11 5.336035007904146852e-10 2.763290121680541487e-09 9.263502851695223834e-11 5.411108479875618576e-11 1.554016245094479430e-08 3.490640853094525805e-08 3.535993680463025269e-08 7.374398922504342077e-08 2.221316661868474474e-08 -1.155592933210243611e-10 -1.491404704736670784e-10 -6.441830551749645240e-10 4.227036797787686973e-09 0.000000000000000000e+00 2.255736269144565703e-11 0.000000000000000000e+00 0.000000000000000000e+00 1.070716828886806582e-01
2.660575796502431331e+03 2.967694556466395852e+02 0.000000000000000000e+00 3.551984933345151489e+02 4.594799174179570541e-11 4.480950337267975966e-10 2.678473126058578101e-09 9.203258831201420625e-11 5.376270510023319186e-11 1.553710954983155272e-08 3.489659949198311882e-08 3.535116145126801764e-08 7.374073238629562805e-08 2.221230397206736962e-08 -1.155592933210281739e-10 -1.491404704736809595e-10 -6.441830551751003884e-10 4.227035431111441670e-09 0.000000000000000000e+00 -1.099774209933462321e-11 0.000000000000000000e+00 0.000000000000000000e+00 1.069584017974823525e-01
2.888559846075101632e+03 3.172880201081799214e+02 0.000000000000000000e+00 3.461793938560579704e+02 -3.905630131296470490e-11 2.597859094586831000e-10 2.425482371477285631e-09 9.014134422031687950e-11 5.266895969035235462e-11 1.552738871985104149e-08 3.486538298319379548e-08 3.532323153866520519e-08 7.373017808888762056e-08 2.220955568462271308e-08 -1.155592933231136772e-10 -1.491404704812674982e-10 -6.441830552493436741e-10 4.227031075875960242e-09 0.000000000000000000e+00 -1.763552000521190159e-10 0.000000000000000000e+00 0.000000000000000000e+00 1.065784192769826527e-01
3.116543895647771933e+03 3.378065845697202576e+02 0.000000000000000000e+00 3.371489928376163903e+02 -1.081979226506396172e-10 1.508738629035826440e-10 2.194712028100255139e-09 8.827528845700155750e-11 5.158976358407463957e-11 1.551758480513639163e-08 3.483392658722544534e-08 3.529508546790867302e-08 7.371917784056438831e-08 2.220678160459353391e-08 -1.155592933253276907e-10 -1.491404704893214715e-10 -6.441830553281615787e-10 4.227026680079813963e-09 0.000000000000000000e+00 -1.998569344550956665e-10 0.000000000000000000e+00 0.000000000000000000e+00 1.063691537229721207e-01
3.344527945220442234e+03 3.583251490312605938e+02 0.000000000000000000e+00 3.281055558105161367e+02 -1.721961982441601936e-10 9.954005369672626617e-11 1.984566575084717405e-09 8.643622546377853299e-11 5.052613226051816431e-11 1.550770952933124285e-08 3.480226772397862644e-08 3.526675571545124146e-08 7.370775227917525769e-08 2.220398509611131315e-08 -1.155592933263574142e-10 -1.491404704930673589e-10 -6.441830553648196386e-10 4.227022250419126670e-09 0.000000000000000000e+00 -1.847475912655747308e-10 0.000000000000000000e+00 0.000000000000000000e+00 1.062042232498172506e-01
3.733691801835526348e+03 3.933498961266181482e+02 0.000000000000000000e+00 3.126013801626199893e+02 -2.162362716686089716e-10 3.910970079989613361e-11 1.668430500949992274e-09 8.335512368666540552e-11 4.874401064307471264e-11 1.549065280059807280e-08 3.474767302247942676e-08 3.521789714996442552e-08 7.368678772999132255e-08 2.219914861217171143e-08 -1.155592933273806496e-10 -1.491404704967896200e-10 -6.441830554012465014e-10 4.227014590170886665e-09 0.000000000000000000e+00 -1.217237159240948765e-10 0.000000000000000000e+00 0.000000000000000000e+00 1.061059309101311660e-01
4.122855658450610463e+03 4.283746432219757025e+02 0.000000000000000000e+00 2.970099918342096430e+02 -2.215807421907910960e-10 2.143978769791533295e-11 1.399872352085664539e-09 8.034907917453490629e-11 4.700506786913066054e-11 1.547335385187646265e-08 3.469241293606786544e-08 3.516843565951530845e-08 7.366390428921122025e-08 2.219423535013719766e-08 -1.155592933277305340e-10 -1.491404704980623666e-10 -6.441830554137019802e-10 4.227006809232920596e-09 0.000000000000000000e+00 -7.632379715049694567e-11 0.000000000000000000e+00 0.000000000000000000e+00 1.060334906729338139e-01
4.756803559993116323e+03 4.854299543608012186e+02 0.000000000000000000e+00 2.714128137824737905e+02 -2.149987470731995530e-10 2.617507065005460991e-11 1.048098586276238493e-09 7.561636057843468316e-11 4.426666389966892353e-11 1.544468162262507860e-08 3.460106050270373019e-08 3.508665007554009500e-08 7.362216976627011600e-08 2.218607394868610683e-08 -1.155592933279622480e-10 -1.491404704989053153e-10 -6.441830554219512457e-10 4.226993885536492324e-09 0.000000000000000000e+00 -2.140488583778847450e-11 0.000000000000000000e+00 0.000000000000000000e+00 1.059874741293285877e-01
5.390751461535622184e+03 5.424852654996267347e+02 0.000000000000000000e+00 2.455280929969012220e+02 -2.192467754867948842e-10 4.051552222978598492e-11 7.811366428675140074e-10 7.108152638223131133e-11 4.164190482207307438e-11 1.541535883028147877e-08 3.450796530316247449e-08 3.500328099556319451e-08 7.357352938338049868e-08 2.217770340766029785e-08 -1.155592933282471859e-10 -1.491404704999418243e-10 -6.441830554320946514e-10 4.226980630571161938e-09 0.000000000000000000e+00 1.582399907891472827e-11 0.000000000000000000e+00 0.000000000000000000e+00 1.060284189755288514e-01
6.024699363078128044e+03 5.995405766384521939e+02 0.000000000000000000e+00 2.192974252880526080e+02 -2.297087711184994088e-10 4.663214451340439582e-11 5.787649958014962358e-10 6.673401628033294760e-11 3.912464237298560694e-11 1.538529203491575578e-08 3.441289362587154704e-08 3.491812146301104338e-08 7.351550777742393152e-08 2.216909371776317421e-08 -1.155592933285014793e-10 -1.491404705008668966e-10 -6.441830554411475228e-10 4.226966994364301657e-09 0.000000000000000000e+00 3.267225818945695639e-11 0.000000000000000000e+00 0.000000000000000000e+00 1.061230578696640975e-01
7.041151163320882006e+03 6.910212386603000141e+02 0.000000000000000000e+00 1.763364572703069655e+02 -2.629281018380164712e-10 -1.381174687032503024e-11 3.518492835068693038e-10 6.012225366355808023e-11 3.529430382056269356e-11 1.533518070414392774e-08 3.425544760940554824e-08 3.477705928030716726e-08 7.339133585729326525e-08 2.215467795663053878e-08 -1.155592933290777398e-10 -1.491404705029631791e-10 -6.441830554616621190e-10 4.226944146760361983e-09 0.000000000000000000e+00 4.749990629840429588e-11 0.000000000000000000e+00 0.000000000000000000e+00 1.064093679800178910e-01
7.454290050953568425e+03 7.282037385472418691e+02 0.000000000000000000e+00 1.585560146988484576e+02 -2.644515121800034927e-10 -3.822067696186695574e-11 2.857631579323662795e-10 5.756159121577039910e-11 3.381008782774640012e-11 1.531414613486548011e-08 3.418971653729226106e-08 3.471815519422779151e-08 7.332808169226898583e-08 2.214860297824562090e-08 -1.155592933291032791e-10 -1.491404705030560560e-10 -6.441830554625708803e-10 4.226934514158438805e-09 0.000000000000000000e+00 -8.738523104797412465e-12 0.000000000000000000e+00 0.000000000000000000e+00 1.063559366471485135e-01
7.867428938586254844e+03 7.653862384341837242e+02 0.000000000000000000e+00 1.406558915038527289e+02 -2.632939520495908054e-10 -4.887666362177825989e-11 2.315337370365832836e-10 5.508391201150958657e-11 3.237354355221548597e-11 1.529284662181153259e-08 3.412330306032360320e-08 3.465862512462667310e-08 7.325894774974010991e-08 2.214243934538999434e-08 -1.155592933290842022e-10 -1.491404705029866245e-10 -6.441830554618915582e-10 4.226924740790810867e-09 0.000000000000000000e+00 -6.247985750025912611e-11 0.000000000000000000e+00 0.000000000000000000e+00 1.063243688736711934e-01
8.530609383605140465e+03 8.250724784858833800e+02 0.000000000000000000e+00 1.117445916566801571e+02 -2.592985807943484246e-10 -3.765534789729992283e-11 1.646246675153318239e-10 5.128987550792695641e-11 3.017287604765710332e-11 1.525825455295270156e-08 3.401567531138949854e-08 3.456211242639746894e-08 7.313838892661924393e-08 2.213240553402726677e-08 -1.155592933290196304e-10 -1.491404705027517052e-10 -6.441830554595925131e-10 4.226908833199776762e-09 0.000000000000000000e+00 -1.578725267671173910e-10 0.000000000000000000e+00 0.000000000000000000e+00 1.061861546116937977e-01
9.193789828624025176e+03 8.847587185375830359e+02 0.000000000000000000e+00 8.264794013414089591e+01 -2.560722790328658548e-10 -1.533682359135913938e-11 1.167057036051851993e-10 4.772223185954190173e-11 2.810232803621792049e-11 1.522327569774605221e-08 3.390709711671310817e-08 3.446469258702622385e-08 7.300710532967251244e-08 2.212223189514140972e-08 -1.155592933289685908e-10 -1.491404705025660031e-10 -6.441830554577751973e-10 4.226892711431650234e-09 0.000000000000000000e+00 -2.381549271099851981e-10 0.000000000000000000e+00 0.000000000000000000e+00 1.060785521233440637e-01
9.856970273642909888e+03 9.444449585892826917e+02 0.000000000000000000e+00 5.307992894887449609e+01 -2.549970512838333096e-10 -2.919549310571739424e-12 8.213110329620602502e-11 4.432631988062342545e-11 2.613031724099153310e-11 1.518724063279863727e-08 3.379581634247260071e-08 3.436482407916221081e-08 7.284069701546252981e-08 2.211170890749839350e-08 -1.155592933289522281e-10 -1.491404705025064978e-10 -6.441830554571928621e-10 4.226876022792039218e-09 0.000000000000000000e+00 -2.752970398910647780e-10 0.000000000000000000e+00 0.000000000000000000e+00 1.065530918484889900e-01
1.009000109666950812e+04 9.654177326616766095e+02 0.000000000000000000e+00 4.249815687319508584e+01 -2.550070824437114573e-10 -2.923264491847128935e-12 7.233889571384550238e-11 4.315972205351497695e-11 2.545264257980367809e-11 1.517412521854134372e-08 3.375553878974351614e-08 3.432868038361964665e-08 7.276615840794142565e-08 2.210786473660835375e-08 -1.155592933289523961e-10 -1.491404705025071182e-10 -6.441830554571989626e-10 4.226869916249196620e-09 0.000000000000000000e+00 -2.752875365762386357e-10 0.000000000000000000e+00 0.000000000000000000e+00 1.067063594656079417e-01
1.014825880242615858e+04 9.706609261797750605e+02 0.000000000000000000e+00 3.983414805193943664e+01 -2.550072816187525088e-10 -2.926078850950002929e-12 7.005765118963895815e-11 4.286990999614037793e-11 2.528427446883570651e-11 1.517079973596954329e-08 3.374534843341578789e-08 3.431953646521028403e-08 7.274556940840624623e-08 2.210688861249720178e-08 -1.155592933289523961e-10 -1.491404705025071182e-10 -6.441830554571990660e-10 4.226868364434022718e-09 0.000000000000000000e+00 -2.752796279518695882e-10 0.000000000000000000e+00 0.000000000000000000e+00 1.068140359501924957e-01
1.018279959237592448e+04 9.737695972752540001e+02 0.000000000000000000e+00 3.824917363078861143e+01 -2.550072578787079611e-10 -2.925955855018233168e-12 6.873228639260751886e-11 4.269808668053401921e-11 2.518445093249251507e-11 1.516881407198612269e-08 3.373927020830601038e-08 3.431408276454721630e-08 7.273272722577649563e-08 2.210630539256317079e-08 -1.155592933289523961e-10 -1.491404705025071182e-10 -6.441830554571990660e-10 4.226867436833291717e-09 0.000000000000000000e+00 -2.752800007715215468e-10 0.000000000000000000e+00 0.000000000000000000e+00 1.068702061995696201e-01
1.020520315926301373e+04 9.757859182950919603e+02 0.000000000000000000e+00 3.542980925961715144e+01 -2.550072543351927756e-10 -2.925905080421179352e-12 6.603235743433842653e-11 4.199444227368453224e-11 2.462923933838919068e-11 1.506740922715970772e-08 3.351101450826568608e-08 3.408536111340719958e-08 7.237152551200832696e-08 2.202148461214306242e-08 -1.155592933289523961e-10 -1.491404705025071182e-10 -6.441830554571990660e-10 4.224087944800715115e-09 0.000000000000000000e+00 -2.752801454213133084e-10 0.000000000000000000e+00 0.000000000000000000e+00 1.064061144575186579e-01
1.021883831315055613e+04 9.770130821449707810e+02 0.000000000000000000e+00 3.252132730424156648e+01 -2.550072549096621630e-10 -2.925908058202431688e-12 6.326478226831517729e-11 4.118922101244890487e-11 2.398056469387371342e-11 1.493871276183140506e-08 3.322260818510396274e-08 3.379611701455317209e-08 7.191013205991098688e-08 2.191212449467016388e-08 -1.155592933289523961e-10 -1.491404705025071182e-10 -6.441830554571990660e-10 4.220379189499086893e-09 0.000000000000000000e+00 -2.752801365704362414e-10 0.000000000000000000e+00 0.000000000000000000e+00 1.057167492544293652e-01
1.023247346703809853e+04 9.782402459948496016e+02 0.000000000000000000e+00 2.932867111730205067e+01 -2.550072553514322897e-10 -2.925913895676166015e-12 6.041577121764377362e-11 4.032674274712515948e-11 2.328756796004634555e-11 1.479443879619769482e-08 3.290030250927679974e-08 3.347287013773074976e-08 7.138711453162991195e-08 2.178734295047744314e-08 -1.155592933289523961e-10 -1.491404705025071182e-10 -6.441830554571990660e-10 4.215943394782770530e-09 0.000000000000000000e+00 -2.752801199674377474e-10 0.000000000000000000e+00 0.000000000000000000e+00 1.048848884207839310e-01
1.024610862092564093e+04 9.794674098447284223e+02 0.000000000000000000e+00 2.611688791239751595e+01 -2.550072553411723032e-10 -2.925915416586335531e-12 5.779739138903717820e-11 3.950468046268023764e-11 2.263177901207588673e-11 1.465078130574542753e-08 3.258038375661511587e-08 3.315202954368983945e-08 7.086177814030770385e-08 2.166060157103422599e-08 -1.155592933289523961e-10 -1.491404705025071182e-10 -6.441830554571990660e-10 4.211196733687293866e-09 0.000000000000000000e+00 -2.752801157997138736e-10 0.000000000000000000e+00 0.000000000000000000e+00 1.040476473444584826e-01
1.025974377481318334e+04 9.806945736946072429e+02 0.000000000000000000e+00 2.287254381840580919e+01 -2.550072551709489763e-10 -2.925914137671099932e-12 5.541925454189563207e-11 3.873203735006304658e-11 2.202149084692610777e-11 1.451131878223623588e-08 3.227107709682479245e-08 3.284211599080095199e-08 7.026369693629373792e-08 2.153574048321586355e-08 -1.155592933289523961e-10 -1.491404705025071182e-10 -6.441830554571990660e-10 4.206359835085032232e-09 0.000000000000000000e+00 -2.752801195368618559e-10 0.000000000000000000e+00 0.000000000000000000e+00 1.038477530644233288e-01
1.028325906510207096e+04 9.828109498206071066e+02 0.000000000000000000e+00 1.720291724621939977e+01 -2.550072545499774594e-10 -2.925906112030491171e-12 5.186637894407225851e-11 3.752294795643147204e-11 2.107906604958175550e-11 1.428298947297072325e-08 3.176702761703328799e-08 3.233748123332358790e-08 6.914123378256566174e-08 2.132706675254646916e-08 -1.155592933289523961e-10 -1.491404705025071182e-10 -6.441830554571990660e-10 4.197878476096127960e-09 0.000000000000000000e+00 -2.752801424226891859e-10 0.000000000000000000e+00 0.000000000000000000e+00 1.025922255312158027e-01
1.029778748208633806e+04 9.841185073491910771e+02 0.000000000000000000e+00 1.343298200302494827e+01 -2.550072544238824088e-10 -2.925904321498321471e-12 4.978525797824091656e-11 3.679158554230282813e-11 2.051324077706586054e-11 1.414129280521510383e-08 3.145520905834649795e-08 3.202554073456591494e-08 6.834926961631155702e-08 2.119616767924826738e-08 -1.155592933289523961e-10 -1.491404705025071182e-10 -6.441830554571990660e-10 4.192425880032970610e-09 0.000000000000000000e+00 -2.752801475136844522e-10 0.000000000000000000e+00 0.000000000000000000e+00 1.016559052871809782e-01
1.031231589907060516e+04 9.854260648777750475e+02 0.000000000000000000e+00 9.435537226452371584e+00 -2.550072544512860236e-10 -2.925904652049725024e-12 4.781214061098857323e-11 3.608220559310781469e-11 1.996734009277264114e-11 1.400131901456867044e-08 3.114781122546327426e-08 3.171816357342463814e-08 6.750080383642623208e-08 2.106582768912887592e-08 -1.155592933289523961e-10 -1.491404705025071182e-10 -6.441830554571990660e-10 4.186894032302202635e-09 0.000000000000000000e+00 -2.752801465693062022e-10 0.000000000000000000e+00 0.000000000000000000e+00 1.008408196992188893e-01
1.032684431605487225e+04 9.867336224063590180e+02 0.000000000000000000e+00 5.221925497624936519e+00 -2.550072544985413527e-10 -2.925905307611378453e-12 4.602470728272638121e-11 3.542249438576171201e-11 1.946311568671975614e-11 1.386816774026200156e-08 3.085606180555894323e-08 3.142655694374387188e-08 6.662908456069921090e-08 2.094056868117662690e-08 -1.155592933289523961e-10 -1.491404705025071182e-10 -6.441830554571990660e-10 4.181449093775089929e-09 0.000000000000000000e+00 -2.752801447043740546e-10 0.000000000000000000e+00 0.000000000000000000e+00 9.999023970555215302e-02
1.034137273303913935e+04 9.880411799349429884e+02 0.000000000000000000e+00 8.890872947126255976e-01 -2.550072545126349594e-10 -2.925905523977508879e-12 4.449048722174315627e-11 3.484044832875159899e-11 1.902132378345824017e-11 1.374761983340794855e-08 3.059248124761877097e-08 3.116316115591346137e-08 6.580598039692719027e-08 2.082580012610750243e-08 -1.155592933289523961e-10 -1.491404705025071182e-10 -6.441830554571990660e-10 4.176312226416597579e-09 0.000000000000000000e+00 -2.752801440906325616e-10 0.000000000000000000e+00 0.000000000000000000e+00 9.905355800339986361e-02
