0.000000000000000000e+00 5.746340078387504491e+01 0.000000000000000000e+00 7.884791720066494918e+02 1.165642372220387424e-05 1.969118106653496829e-07 4.252987668702885151e-08 4.217191552987952945e-10 3.098077085943616684e-10 4.290094516409759918e-08 9.779262387581612259e-08 9.894688544281574771e-08 1.709995037098017312e-07 5.566208399722253864e-08 1.089500804394544923e-09 4.084700599955605582e-09 6.857762992333876849e-09 9.759691954256088718e-09 0.000000000000000000e+00 1.123563041349058139e-08 0.000000000000000000e+00 0.000000000000000000e+00 6.906381775978737814e+00
7.752499177745171555e-02 5.747037803313501314e+01 0.000000000000000000e+00 7.884611190611229858e+02 1.165583329003897846e-05 1.969037509631644934e-07 4.252904470732679120e-08 4.217158869016977294e-10 3.098044860231785545e-10 4.290086127539107761e-08 9.779241570821426905e-08 9.894667579887419239e-08 1.709994862370612261e-07 5.566203331317940725e-08 1.088459795796207248e-09 4.082483069305031362e-09 6.855618671264753387e-09 9.759691078706220540e-09 0.000000000000000000e+00 1.123700013942689719e-08 0.000000000000000000e+00 0.000000000000000000e+00 6.914860530318638787e+00
8.378279988105025211e+01 6.500385277316956945e+01 0.000000000000000000e+00 7.689409288627020942e+02 1.103571067737521330e-05 1.882628554987681510e-07 4.160847558517111048e-08 4.180372578264767317e-10 3.061784593522632828e-10 4.280334838276318533e-08 9.755098408863134981e-08 9.870347743447644832e-08 1.709788457666690607e-07 5.560248477502803890e-08 -1.172394990305637053e-10 2.171442960084927101e-09 4.945672926846562064e-09 9.758633073735376486e-09 0.000000000000000000e+00 1.255051839154816433e-08 0.000000000000000000e+00 0.000000000000000000e+00 6.563668326556513222e+00
3.202775248863192701e+02 8.628837802364378717e+01 0.000000000000000000e+00 7.136381425932520415e+02 9.376992645276026510e-06 1.642812982223964507e-07 3.888897372737783688e-08 4.067709123906128229e-10 2.950906627186483574e-10 4.248484403844207696e-08 9.676602402537802240e-08 9.791245917159890356e-08 1.709088624541673544e-07 5.540365585440741813e-08 -1.252737524876985417e-09 -1.864114463739595147e-10 3.375891738247457305e-10 9.754888795807972358e-09 0.000000000000000000e+00 1.552820543445347320e-08 0.000000000000000000e+00 0.000000000000000000e+00 5.625762445922367405e+00
5.567722498915883307e+02 1.075729032741180049e+02 0.000000000000000000e+00 6.581324558914675436e+02 7.844724677244241192e-06 1.410161486412809196e-07 3.600849621156352497e-08 3.942004213980582297e-10 2.827650033049484440e-10 4.209791158807265357e-08 9.581839753913728051e-08 9.695716186367003849e-08 1.708179507764625216e-07 5.515493614991957676e-08 -1.631236866825792585e-09 -9.723629151935881799e-10 -1.198438743849193185e-09 9.749835696519980216e-09 0.000000000000000000e+00 1.751551719092805985e-08 0.000000000000000000e+00 0.000000000000000000e+00 4.761077430214613493e+00
7.932669748968573913e+02 1.288574285245922226e+02 0.000000000000000000e+00 6.023943776392840164e+02 6.452607663671045137e-06 1.187760657114178655e-07 3.295695599651600239e-08 3.800303958929250637e-10 2.689569780463915665e-10 4.162036448417129366e-08 9.465675213212406257e-08 9.578579714327919615e-08 1.706959310853028318e-07 5.483821908898773107e-08 -1.757403314142061641e-09 -1.234346738133464402e-09 -2.213203212397356976e-09 9.742870498440271583e-09 0.000000000000000000e+00 1.852816593200194086e-08 0.000000000000000000e+00 0.000000000000000000e+00 3.973255660778399534e+00
1.029761699902126338e+03 1.501419537750664404e+02 0.000000000000000000e+00 5.464031433181664852e+02 5.204936959873773618e-06 9.784994462442518592e-08 2.974986614408778735e-08 3.640430483111311329e-10 2.535243121659839505e-10 4.102888487437808817e-08 9.322796312784489713e-08 9.434479451153510422e-08 1.705298334032091850e-07 5.443293128731927626e-08 -1.799458796580818062e-09 -1.321674679113423073e-09 -2.551458035246744907e-09 9.733209516223603351e-09 0.000000000000000000e+00 1.876395377254008550e-08 0.000000000000000000e+00 0.000000000000000000e+00 3.264230800785229203e+00
1.446954133314652609e+03 1.876892727821937967e+02 0.000000000000000000e+00 4.469723275791156993e+02 3.360184971095272826e-06 6.541853377044130164e-08 2.383572328490125255e-08 3.305412395142760498e-10 2.219436982086743398e-10 3.959389717941531006e-08 8.980255014212230397e-08 9.089116575124832354e-08 1.700180237669284441e-07 5.339587969951533852e-08 -1.843083380137472218e-09 -1.412260848554199238e-09 -2.902333234558112965e-09 9.705127181425266334e-09 0.000000000000000000e+00 1.784930568158214841e-08 0.000000000000000000e+00 0.000000000000000000e+00 2.211822925840653653e+00
2.219827983393403883e+03 2.572479192892814126e+02 0.000000000000000000e+00 2.593128058261415845e+02 1.115679538986940834e-06 1.961307968495156527e-08 1.263952377957614447e-08 2.488603507703414807e-10 1.502464441063351151e-10 3.490867089043647633e-08 7.888133345826404847e-08 7.989696337144752084e-08 1.666221201389019220e-07 4.959056404925731886e-08 -1.892989570636163560e-09 -1.515890734734936064e-09 -3.303731783506060648e-09 9.572768399769883034e-09 0.000000000000000000e+00 1.120342262312937300e-08 0.000000000000000000e+00 0.000000000000000000e+00 9.008167945049626590e-01
2.413046445913091702e+03 2.746375809160533095e+02 0.000000000000000000e+00 2.116980709056967953e+02 7.810440143252511361e-07 1.284467368385487912e-08 1.009172275182276240e-08 2.250044255740160022e-10 1.304913140260992568e-10 3.332700521302058343e-08 7.523348354878642731e-08 7.622871590950909061e-08 1.650454630865289868e-07 4.824436756937211892e-08 -1.894029282938219591e-09 -1.518049690697034713e-09 -3.312094253275809343e-09 9.521868842497625251e-09 0.000000000000000000e+00 9.962412107429300315e-09 0.000000000000000000e+00 0.000000000000000000e+00 7.002341131141711639e-01
2.606264908432779521e+03 2.920272425428252063e+02 0.000000000000000000e+00 1.636706497487041077e+02 5.240128297922130116e-07 8.264346850569782823e-09 7.848185143315922879e-09 2.004902084071849955e-10 1.110658479597205869e-10 3.155832869645590262e-08 7.118445064323151481e-08 7.216229076585001514e-08 1.625245174243621328e-07 4.669040147058078266e-08 -1.894375853705571601e-09 -1.518769342684400930e-09 -3.314881743199058908e-09 9.459870032349749897e-09 0.000000000000000000e+00 9.417174352156662724e-09 0.000000000000000000e+00 0.000000000000000000e+00 5.439145569252992196e-01
2.799483370952467340e+03 3.094169041695971032e+02 0.000000000000000000e+00 1.150124664806773467e+02 3.380540854628171958e-07 5.182499900252712167e-09 5.926356546509607937e-09 1.758764620470643578e-10 9.247497047508330531e-11 2.959358717027422337e-08 6.671527657539824999e-08 6.767582826487194209e-08 1.590162923054959318e-07 4.489212598827818537e-08 -1.894491377294688938e-09 -1.519009226680189599e-09 -3.315810906506808900e-09 9.382342444380752039e-09 0.000000000000000000e+00 9.840717784774590664e-09 0.000000000000000000e+00 0.000000000000000000e+00 4.251890606387014881e-01
2.992701833472155158e+03 3.268065657963690001e+02 0.000000000000000000e+00 6.570018926837599338e+01 2.141786790132456120e-07 3.188001899806234119e-09 4.386799330429049384e-09 1.526470450592136768e-10 7.579345761337523572e-11 2.751865233311621863e-08 6.202621065801060647e-08 6.296935598991962690e-08 1.545044345786810025e-07 4.289950006085777516e-08 -1.894529885157727912e-09 -1.519089188012119225e-09 -3.316120627609392231e-09 9.287582717517148750e-09 0.000000000000000000e+00 1.105242975908841948e-08 0.000000000000000000e+00 0.000000000000000000e+00 3.423070795846770986e-01
3.094916466683709132e+03 3.360058827854088577e+02 0.000000000000000000e+00 3.955912335217225007e+01 1.711448387753686490e-07 2.501831996695778705e-09 3.763138827596582324e-09 1.418392281791161567e-10 6.837097596362205721e-11 2.647500461695538472e-08 5.968464685480391313e-08 6.062263125671665234e-08 1.511846236150966874e-07 4.186490405317792007e-08 -1.894533477329277267e-09 -1.519096647133424017e-09 -3.316149519665327999e-09 9.235598854553301172e-09 0.000000000000000000e+00 1.224852042069275882e-08 0.000000000000000000e+00 0.000000000000000000e+00 3.140808985836910372e-01
3.197131099895263105e+03 3.452051997744487153e+02 0.000000000000000000e+00 1.378105754171389208e+01 1.418497276121782978e-07 2.039362978943136473e-09 3.310611422566853238e-09 1.333618782200292453e-10 6.271704118349255327e-11 2.562565201699301506e-08 5.779223559864629703e-08 5.873059137030536453e-08 1.467459885611978068e-07 4.100877029372509858e-08 -1.894534674719793718e-09 -1.519099133507192349e-09 -3.316159150350640198e-09 9.191589032673808101e-09 0.000000000000000000e+00 1.494439848594686742e-08 0.000000000000000000e+00 0.000000000000000000e+00 2.957240316632807620e-01
