0.000000000000000000e+00 6.757069161781372202e+01 0.000000000000000000e+00 7.856670210572306132e+02 2.995737173590330964e-04 1.874164991677626892e-05 8.924746265028106967e-06 1.492178369639695982e-07 1.504304667370339407e-07 9.925652380589237783e-05 1.734586297639566460e-04 1.983735363149616857e-04 2.225638328373739927e-04 2.736150414209752128e-04 2.968883641549264086e-04 3.730661214840153613e-04 4.483011866512941548e-04 3.987302353521330451e-04 0.000000000000000000e+00 6.768259094872500277e-08 0.000000000000000000e+00 0.000000000000000000e+00 1.566626371650917918e+03
8.754210795996343608e-02 6.757857040753012257e+01 0.000000000000000000e+00 7.856524642722799854e+02 2.995703611777328292e-04 1.874159566669358827e-05 8.924735163246279957e-06 1.492176989609139821e-07 1.504303352127507496e-07 9.925652359701253515e-05 1.734586292332942451e-04 1.983735357816883633e-04 2.225638327916152129e-04 2.736150413078554128e-04 2.968881607344785504e-04 3.730660654875099687e-04 4.483011695086510013e-04 3.987302353507145834e-04 0.000000000000000000e+00 6.769089829408277949e-08 0.000000000000000000e+00 0.000000000000000000e+00 1.568756752496911758e+03
7.944673066957010406e+02 1.390727492204268287e+02 0.000000000000000000e+00 6.542263465864363070e+02 2.705946301609365935e-04 1.824486439848320459e-05 8.823604123241566516e-06 1.479709701010310648e-07 1.492417670852499576e-07 9.925452236254656436e-05 1.734535483748580900e-04 1.983684326860220574e-04 2.225633169795324150e-04 2.736139555041999295e-04 2.949685304001583089e-04 3.725361391406890681e-04 4.481391010285223670e-04 3.987302217975567469e-04 0.000000000000000000e+00 1.247667007548083889e-07 0.000000000000000000e+00 0.000000000000000000e+00 1.556010958056882146e+03
3.492248514791523576e+03 3.818730579490508035e+02 0.000000000000000000e+00 2.154925830979142916e+02 1.817252942850646456e-04 1.647821501262644427e-05 8.470877382612774107e-06 1.437537168612331173e-07 1.452178872545607811e-07 9.924613156740721520e-05 1.734325861622518499e-04 1.983474313202312166e-04 2.225565967962539644e-04 2.736093551372958889e-04 2.872027329077213482e-04 3.703670773369235674e-04 4.474761816992430907e-04 3.987301647204086717e-04 0.000000000000000000e+00 2.963253100891089127e-07 0.000000000000000000e+00 0.000000000000000000e+00 1.542889329414850181e+03
3.660859840297512619e+03 3.970480772445898197e+02 0.000000000000000000e+00 1.883669054957516948e+02 1.765210932987618499e-04 1.636421120260655917e-05 8.448430142565056255e-06 1.434904055201175470e-07 1.449665314596637070e-07 9.924554325890376678e-05 1.734311291563916501e-04 1.983459736580058907e-04 2.225559175038573534e-04 2.736090309273748805e-04 2.866669527341294730e-04 3.702166530557304586e-04 4.474302179334772173e-04 3.987301607047193065e-04 0.000000000000000000e+00 3.061475905794048055e-07 0.000000000000000000e+00 0.000000000000000000e+00 1.546235196194706759e+03
3.671398048141636991e+03 3.979965159505609904e+02 0.000000000000000000e+00 1.866740127146982218e+02 1.761980136649594865e-04 1.635704377371870207e-05 8.447022737293634532e-06 1.434739406101250306e-07 1.449508134645061403e-07 9.924550589639957656e-05 1.734310367763397455e-04 1.983458812612388955e-04 2.225558709934168892e-04 2.736090103203523902e-04 2.866329836080117608e-04 3.702071109517338044e-04 4.474273021186826347e-04 3.987301604494208657e-04 0.000000000000000000e+00 3.067617040855487023e-07 0.000000000000000000e+00 0.000000000000000000e+00 1.546564537090315980e+03
3.681936255985761363e+03 3.989449546565321612e+02 0.000000000000000000e+00 1.849815431594844597e+02 1.758749481701900579e-04 1.634986886213739792e-05 8.445614472434529658e-06 1.434574734750657678e-07 1.449350932083471958e-07 9.924546841744341294e-05 1.734309441449903501e-04 1.983457886170887315e-04 2.225558234860095116e-04 2.736089896451429616e-04 2.865989141747063082e-04 3.701975394552358052e-04 4.474243772048552728e-04 3.987301601932527321e-04 0.000000000000000000e+00 3.073544644546849596e-07 0.000000000000000000e+00 0.000000000000000000e+00 1.547031196541886402e+03
3.688522635888339209e+03 3.995377288477641287e+02 0.000000000000000000e+00 1.838292840388148193e+02 1.748259808026743822e-04 1.632992590010668598e-05 8.443271277224481525e-06 1.434421836834257512e-07 1.449203279081915302e-07 9.924532257114331523e-05 1.734305839997624197e-04 1.983454284424576448e-04 2.225556345072108103e-04 2.736089079721660947e-04 2.864708079256947566e-04 3.701608632646223498e-04 4.474129890236516640e-04 3.987301591431354907e-04 0.000000000000000000e+00 3.092735318558884781e-07 0.000000000000000000e+00 0.000000000000000000e+00 1.546920929142886052e+03
3.695109015790917056e+03 4.001305030389960962e+02 0.000000000000000000e+00 1.827406892759063055e+02 1.743430727971307715e-04 1.632028276888459082e-05 8.441902338846545294e-06 1.434302222337118675e-07 1.449088526456477769e-07 9.924525819608151543e-05 1.734304250260363365e-04 1.983452694655997352e-04 2.225555507422658245e-04 2.736088720508936820e-04 2.864138252375033429e-04 3.701446219811091801e-04 4.474079655417332983e-04 3.987301586852901947e-04 0.000000000000000000e+00 3.101386682264299943e-07 0.000000000000000000e+00 0.000000000000000000e+00 1.546949749352414528e+03
3.701695395693494902e+03 4.007232772302280637e+02 0.000000000000000000e+00 1.815786659602364637e+02 1.732052815721224492e-04 1.629861254096594649e-05 8.439393402914931565e-06 1.434143640534646004e-07 1.448935264518111077e-07 9.924509830716673109e-05 1.734300303347676819e-04 1.983448747869061182e-04 2.225553397438255606e-04 2.736087824771068176e-04 2.862736223127890570e-04 3.701044554125007395e-04 4.473954895098316035e-04 3.987301575327441999e-04 0.000000000000000000e+00 3.121529621976144249e-07 0.000000000000000000e+00 0.000000000000000000e+00 1.546429476423113556e+03
3.708281775596072748e+03 4.013160514214600312e+02 0.000000000000000000e+00 1.804871135884493754e+02 1.726934772603363620e-04 1.628839161753157941e-05 8.437968778225901536e-06 1.434022119827572190e-07 1.448818631208728648e-07 9.924502919055534398e-05 1.734298597035733409e-04 1.983447041717400800e-04 2.225552482576920589e-04 2.736087438875204302e-04 2.862125746384364339e-04 3.700870396108732929e-04 4.473900999327465235e-04 3.987301570403080841e-04 0.000000000000000000e+00 3.130466558459493306e-07 0.000000000000000000e+00 0.000000000000000000e+00 1.546294896596355329e+03
3.714868155498650594e+03 4.019088256126919987e+02 0.000000000000000000e+00 1.793248701177116686e+02 1.715525391445021550e-04 1.626652301184551905e-05 8.435438246135741039e-06 1.433862778063834489e-07 1.448664630769076869e-07 9.924486734199980376e-05 1.734294602541060768e-04 1.983443047891614221e-04 2.225550315690281392e-04 2.736086532013136223e-04 2.860708862363177071e-04 3.700464273918436099e-04 4.473774841788955405e-04 3.987301558731924721e-04 0.000000000000000000e+00 3.150622540968325822e-07 0.000000000000000000e+00 0.000000000000000000e+00 1.545763015800143421e+03
3.721454535401228441e+03 4.025015998039239662e+02 0.000000000000000000e+00 1.782335584562890460e+02 1.710404656844938037e-04 1.625623397934756304e-05 8.434005965389238310e-06 1.433740991665971523e-07 1.448547739526366537e-07 9.924479750885002933e-05 1.734292878886402908e-04 1.983441324634921713e-04 2.225549377776791301e-04 2.736086142047667994e-04 2.860093100256931521e-04 3.700288516799912905e-04 4.473720444642386319e-04 3.987301553754340078e-04 0.000000000000000000e+00 3.159576842720175846e-07 0.000000000000000000e+00 0.000000000000000000e+00 1.545663209500609582e+03
3.728040915303806287e+03 4.030943739951559337e+02 0.000000000000000000e+00 1.770721622488102014e+02 1.699060041364451970e-04 1.623433481935647544e-05 8.431469496051554626e-06 1.433581420479040191e-07 1.448393525902042963e-07 9.924463498616179662e-05 1.734288868755007936e-04 1.983437315767411300e-04 2.225547164715201305e-04 2.736085231252982880e-04 2.858672721369665860e-04 3.699881185284695055e-04 4.473593898889718944e-04 3.987301542030097625e-04 0.000000000000000000e+00 3.180191659548558210e-07 0.000000000000000000e+00 0.000000000000000000e+00 1.545218929164302381e+03
3.734627295206384133e+03 4.036871481863879012e+02 0.000000000000000000e+00 1.759814737501937714e+02 1.693968472420372855e-04 1.622403302034295934e-05 8.430034709591392671e-06 1.433459542478930433e-07 1.448276549153467836e-07 9.924456485664661873e-05 1.734287138225757492e-04 1.983435585894084468e-04 2.225546206546598251e-04 2.736084839565651439e-04 2.858055390207722224e-04 3.699704890428026833e-04 4.473539329976583502e-04 3.987301537029492118e-04 0.000000000000000000e+00 3.189371346923822032e-07 0.000000000000000000e+00 0.000000000000000000e+00 1.545114537939957472e+03
3.741213675108961979e+03 4.042799223776198687e+02 0.000000000000000000e+00 1.748210719633805468e+02 1.682700874843493953e-04 1.620212576441466172e-05 8.427494506808733897e-06 1.433299821877273707e-07 1.448122201038404861e-07 9.924440187649928287e-05 1.734283117496179761e-04 1.983431566999900553e-04 2.225543956804315593e-04 2.736083926097745522e-04 2.856633412378839975e-04 3.699296902607091203e-04 4.473412571634490897e-04 3.987301525269124590e-04 0.000000000000000000e+00 3.209963007844438837e-07 0.000000000000000000e+00 0.000000000000000000e+00 1.544485184255166132e+03
3.747800055011539826e+03 4.048726965688518362e+02 0.000000000000000000e+00 1.737309815706938423e+02 1.677643400015051828e-04 1.619182042076784605e-05 8.426058133102610581e-06 1.433177886178940032e-07 1.448005172129366141e-07 9.924433154479605297e-05 1.734281382231442684e-04 1.983429832633670819e-04 2.225542983731573418e-04 2.736083533238103677e-04 2.856015346729427122e-04 3.699120312847936219e-04 4.473357907790922582e-04 3.987301520252862662e-04 0.000000000000000000e+00 3.219053478023564172e-07 0.000000000000000000e+00 0.000000000000000000e+00 1.544278178963380014e+03
3.754386434914117672e+03 4.054654707600838037e+02 0.000000000000000000e+00 1.726641624847680134e+02 1.674648131423103292e-04 1.618538173210494260e-05 8.424989883223178415e-06 1.433068556131129445e-07 1.447900592261449496e-07 9.924429211486606947e-05 1.734280409329401907e-04 1.983428860267908691e-04 2.225542435756904306e-04 2.736083314016404507e-04 2.855665171849028241e-04 3.699020851236938163e-04 4.473327275325050443e-04 3.987301517486148937e-04 0.000000000000000000e+00 3.224347802912572397e-07 0.000000000000000000e+00 0.000000000000000000e+00 1.544211520077960586e+03
3.771097592049925424e+03 4.069694749023065015e+02 0.000000000000000000e+00 1.699876046705242061e+02 1.669681012631334626e-04 1.617394593007151480e-05 8.422745544344776173e-06 1.432807143635035731e-07 1.447651032783933023e-07 9.924423112274075162e-05 1.734278904491840380e-04 1.983427356430090801e-04 2.225541573401260327e-04 2.736082977210387403e-04 2.855115614479568223e-04 3.698866039995181410e-04 4.473279948082046933e-04 3.987301513309404266e-04 0.000000000000000000e+00 3.232728132525816206e-07 0.000000000000000000e+00 0.000000000000000000e+00 1.544221162328421087e+03
3.773708710352395428e+03 4.072044755495288086e+02 0.000000000000000000e+00 1.695694037240641876e+02 1.668905081301682279e-04 1.617215897325189074e-05 8.422394849830210325e-06 1.432766297989626337e-07 1.447612039127375083e-07 9.924422158981583287e-05 1.734278669296243657e-04 1.983427121391721825e-04 2.225541438397049825e-04 2.736082924567638302e-04 2.855029723843700504e-04 3.698841844027665055e-04 4.473272551166780219e-04 3.987301512656585539e-04 0.000000000000000000e+00 3.234033392268164045e-07 0.000000000000000000e+00 0.000000000000000000e+00 1.544222661949851499e+03
3.776319828654865432e+03 4.074394761967511158e+02 0.000000000000000000e+00 1.691512141346890132e+02 1.668129336412167891e-04 1.617037189996850936e-05 8.422044138428457028e-06 1.432725452391319651e-07 1.447573045473618703e-07 9.924421205396419168e-05 1.734278434035376609e-04 1.983426886289135554e-04 2.225541303130539105e-04 2.736082871907960469e-04 2.854943810797990248e-04 3.698817641324138295e-04 4.473265152210896480e-04 3.987301512003562981e-04 0.000000000000000000e+00 3.235334295713233892e-07 0.000000000000000000e+00 0.000000000000000000e+00 1.544224164994846888e+03
3.777951777593909355e+03 4.075863516012650507e+02 0.000000000000000000e+00 1.688555270230969825e+02 1.664614638113404263e-04 1.616350441447927204e-05 8.421276022516918587e-06 1.432681119364346694e-07 1.447530110109066736e-07 9.924415993856694821e-05 1.734277148780169768e-04 1.983425601902083545e-04 2.225540565042990126e-04 2.736082579580525424e-04 2.854490982581457713e-04 3.698687515821937012e-04 4.473224695281003706e-04 3.987301508234449596e-04 0.000000000000000000e+00 3.241386603751800082e-07 0.000000000000000000e+00 0.000000000000000000e+00 1.544018235825776401e+03
3.779583726532953278e+03 4.077332270057789856e+02 0.000000000000000000e+00 1.685941985670777967e+02 1.664131200560283721e-04 1.616238743437186905e-05 8.421056778187853545e-06 1.432655589379351123e-07 1.447505737727585437e-07 9.924415397178829555e-05 1.734277001571632362e-04 1.983425454801235875e-04 2.225540480201445529e-04 2.736082546629620507e-04 2.854437267373451321e-04 3.698672380361991648e-04 4.473220068090831341e-04 3.987301507825804039e-04 0.000000000000000000e+00 3.242188439700642836e-07 0.000000000000000000e+00 0.000000000000000000e+00 1.544019240741667318e+03
3.782979404095313839e+03 4.080388379863913997e+02 0.000000000000000000e+00 1.680504261798182597e+02 1.663124293541530367e-04 1.616006304931189678e-05 8.420600595088120269e-06 1.432602469532930379e-07 1.447455026309785970e-07 9.924414155624068808e-05 1.734276695281599962e-04 1.983425148728792822e-04 2.225540303320271162e-04 2.736082478064841544e-04 2.854325463736410605e-04 3.698640879525423521e-04 4.473210437917677198e-04 3.987301506975532038e-04 0.000000000000000000e+00 3.243857664296741933e-07 0.000000000000000000e+00 0.000000000000000000e+00 1.544021268298203267e+03
3.785101702571789247e+03 4.082298448492741727e+02 0.000000000000000000e+00 1.677105759429650220e+02 1.662495100279789842e-04 1.615861023177700547e-05 8.420315469480847665e-06 1.432569269659321994e-07 1.447423331674919015e-07 9.924413379458775475e-05 1.734276503807163287e-04 1.983424957391048292e-04 2.225540192595047142e-04 2.736082435200658204e-04 2.854255571655185957e-04 3.698621187050216055e-04 4.473204417710647911e-04 3.987301506443976986e-04 0.000000000000000000e+00 3.244898054312109705e-07 0.000000000000000000e+00 0.000000000000000000e+00 1.544022537072287832e+03
3.787224001048264654e+03 4.084208517121569457e+02 0.000000000000000000e+00 1.673261674717230392e+02 1.657935949056400934e-04 1.614967886191856744e-05 8.419316061544203990e-06 1.432511596403008297e-07 1.447367478274566557e-07 9.924406595230083142e-05 1.734274830838649620e-04 1.983423285622678666e-04 2.225539226017103427e-04 2.736082054637419946e-04 2.853666404865150123e-04 3.698451856147587456e-04 4.473151771016525662e-04 3.987301501537165267e-04 0.000000000000000000e+00 3.252633681297715658e-07 0.000000000000000000e+00 0.000000000000000000e+00 1.543755303101397203e+03
3.791097439618152293e+03 4.087694611834468219e+02 0.000000000000000000e+00 1.667060760987293691e+02 1.656793721679389742e-04 1.614702704997731246e-05 8.418795457636655914e-06 1.432450996325661621e-07 1.447309626034303962e-07 9.924405175637639328e-05 1.734274480631150714e-04 1.983422935702922139e-04 2.225539022612282229e-04 2.736081976236688943e-04 2.853538758334517875e-04 3.698415876773105543e-04 4.473140771015154732e-04 3.987301500564802343e-04 0.000000000000000000e+00 3.254483885391005464e-07 0.000000000000000000e+00 0.000000000000000000e+00 1.543757914704912537e+03
3.794970878188039933e+03 4.091180706547366981e+02 0.000000000000000000e+00 1.660859218309054199e+02 1.655648354582684465e-04 1.614437489498787647e-05 8.418274919946921542e-06 1.432390400661993199e-07 1.447251777622204919e-07 9.924403756697645343e-05 1.734274130617941380e-04 1.983422585957341064e-04 2.225538818891964704e-04 2.736081897870487611e-04 2.853411068479245419e-04 3.698379892537391228e-04 4.473129770067869448e-04 3.987301499592973931e-04 0.000000000000000000e+00 3.256346481346678203e-07 0.000000000000000000e+00 0.000000000000000000e+00 1.543760341751655915e+03
3.797391777294219992e+03 4.093359515742928920e+02 0.000000000000000000e+00 1.656983351915793037e+02 1.654932661855404159e-04 1.614271719809807918e-05 8.417949569325252222e-06 1.432352528410339284e-07 1.447215622365101970e-07 9.924402869607889307e-05 1.734273911803433038e-04 1.983422367311017415e-04 2.225538691337588680e-04 2.736081848877020451e-04 2.853331243046390922e-04 3.698357396593441888e-04 4.473122892719872258e-04 3.987301498985405465e-04 0.000000000000000000e+00 3.257506862188431006e-07 0.000000000000000000e+00 0.000000000000000000e+00 1.543761860732882269e+03
3.799812676400400051e+03 4.095538324938490859e+02 0.000000000000000000e+00 1.653107582972139085e+02 1.654217129898343961e-04 1.614105940186436148e-05 8.417624204196210751e-06 1.432314656198710588e-07 1.447179467110139633e-07 9.924401982266199923e-05 1.734273692932761127e-04 1.983422148609440114e-04 2.225538563553740182e-04 2.736081799868979444e-04 2.853251398350322354e-04 3.698334894855021741e-04 4.473116013616486699e-04 3.987301498377661358e-04 0.000000000000000000e+00 3.258663516485899001e-07 0.000000000000000000e+00 0.000000000000000000e+00 1.543763382706887569e+03
3.801325738341762644e+03 4.096900080685717285e+02 0.000000000000000000e+00 1.650368204330619903e+02 1.650978357729519124e-04 1.613469149087971499e-05 8.416911186832456743e-06 1.432273519142066225e-07 1.447139629741435313e-07 9.924397138517043271e-05 1.734272498636623989e-04 1.983420955238946815e-04 2.225537867175796266e-04 2.736081528135811251e-04 2.852831053732026215e-04 3.698214058010878776e-04 4.473078443791582599e-04 3.987301494874050112e-04 0.000000000000000000e+00 3.264038833304563136e-07 0.000000000000000000e+00 0.000000000000000000e+00 1.543573427506761391e+03
3.802838800283125238e+03 4.098261836432943710e+02 0.000000000000000000e+00 1.647946191610076880e+02 1.650532355618507263e-04 1.613365532059425367e-05 8.416707790970548049e-06 1.432249847732186402e-07 1.447117031548168046e-07 9.924396583336789830e-05 1.734272361695700165e-04 1.983420818411243242e-04 2.225537787048626989e-04 2.736081497472531718e-04 2.852781133969015982e-04 3.698199986860727139e-04 4.473074141899155247e-04 3.987301494493773789e-04 0.000000000000000000e+00 3.264752270666083347e-07 0.000000000000000000e+00 0.000000000000000000e+00 1.543574435102046891e+03
3.806103685834883436e+03 4.101200233429526065e+02 0.000000000000000000e+00 1.642719860961275344e+02 1.649569098331862870e-04 1.613141925999460295e-05 8.416268910798246688e-06 1.432198771043559002e-07 1.447068270417699023e-07 9.924395385336919951e-05 1.734272066213503783e-04 1.983420523167640456e-04 2.225537613820243311e-04 2.736081431304408220e-04 2.852673384003347906e-04 3.698169616873615514e-04 4.473064857251043600e-04 3.987301493673217059e-04 0.000000000000000000e+00 3.266292051488935511e-07 0.000000000000000000e+00 0.000000000000000000e+00 1.543576553161971560e+03
3.808144239304732309e+03 4.103036731552389824e+02 0.000000000000000000e+00 1.639453473540655750e+02 1.648967177152088940e-04 1.613002165161489808e-05 8.415994600372625332e-06 1.432166848141001439e-07 1.447037794712171496e-07 9.924394636407813828e-05 1.734271881497186833e-04 1.983420338601093839e-04 2.225537505388402602e-04 2.736081389938965248e-04 2.852606026585117614e-04 3.698150631512506226e-04 4.473059053098068843e-04 3.987301493160244690e-04 0.000000000000000000e+00 3.267251769346844317e-07 0.000000000000000000e+00 0.000000000000000000e+00 1.543577878420592015e+03
3.810184792774581183e+03 4.104873229675253583e+02 0.000000000000000000e+00 1.635760184926923841e+02 1.644609766330732759e-04 1.612143337369624347e-05 8.415032557439767804e-06 1.432111351981973562e-07 1.446984053370816878e-07 9.924388097826523111e-05 1.734270269444642700e-04 1.983418727860995138e-04 2.225536559976796342e-04 2.736081023107708580e-04 2.852038883215923782e-04 3.697987569898734126e-04 4.473008354546573629e-04 3.987301488430454455e-04 0.000000000000000000e+00 3.274379423801386706e-07 0.000000000000000000e+00 0.000000000000000000e+00 1.543322214756276935e+03
3.813977018973020677e+03 4.108286233253849105e+02 0.000000000000000000e+00 1.629691486699927623e+02 1.643496965855785745e-04 1.611883579068969590e-05 8.414522564380862198e-06 1.432052019310201075e-07 1.446927410788195632e-07 9.924386703130512141e-05 1.734269925452140845e-04 1.983418384183289758e-04 2.225536357186921064e-04 2.736080946071963718e-04 2.851913622697308838e-04 3.697952250299611017e-04 4.472997556052088421e-04 3.987301487475017553e-04 0.000000000000000000e+00 3.276117531475512995e-07 0.000000000000000000e+00 0.000000000000000000e+00 1.543324959896077416e+03
3.817769245171460170e+03 4.111699236832444626e+02 0.000000000000000000e+00 1.623622188470401113e+02 1.642381160731198203e-04 1.611623787240371635e-05 8.414012634626332710e-06 1.431992690867203784e-07 1.446870771874201664e-07 9.924385309061171381e-05 1.734269581646149139e-04 1.983418040672827983e-04 2.225536154089072466e-04 2.736080869069404116e-04 2.851788320690674819e-04 3.697916926089283370e-04 4.472986756670203250e-04 3.987301486520094564e-04 0.000000000000000000e+00 3.277867044717708890e-07 0.000000000000000000e+00 0.000000000000000000e+00 1.543327528324928153e+03
3.820139386545485195e+03 4.113832364069066898e+02 0.000000000000000000e+00 1.619828970640978696e+02 1.641683937961472932e-04 1.611461407832097750e-05 8.413693914577991738e-06 1.431955610626505037e-07 1.446835372553193563e-07 9.924384437525733433e-05 1.734269366713437211e-04 1.983417825925705446e-04 2.225536026929502158e-04 2.736080820928799115e-04 2.851709988464187794e-04 3.697894842898186217e-04 4.472980005372383843e-04 3.987301485923099237e-04 0.000000000000000000e+00 3.278956921268144984e-07 0.000000000000000000e+00 0.000000000000000000e+00 1.543329135631792951e+03
3.822509527919510219e+03 4.115965491305689170e+02 0.000000000000000000e+00 1.615540893619689484e+02 1.636639373386065076e-04 1.610463809263024126e-05 8.412575767569723266e-06 1.431891122631462519e-07 1.446772926032449730e-07 9.924376832944302180e-05 1.734267492054462608e-04 1.983415952892675230e-04 2.225534918649064520e-04 2.736080394262370148e-04 2.851050825475280734e-04 3.697705285538962399e-04 4.472921068128953470e-04 3.987301480421782062e-04 0.000000000000000000e+00 3.287042099697243927e-07 0.000000000000000000e+00 0.000000000000000000e+00 1.543032994041690245e+03
3.826593226767551641e+03 4.119640820268926404e+02 0.000000000000000000e+00 1.609007235255271553e+02 1.635445017983977608e-04 1.610184007410131365e-05 8.412026374623290308e-06 1.431827226859217119e-07 1.446711927130687249e-07 9.924375327893198632e-05 1.734267120883496195e-04 1.983415582084937958e-04 2.225534698020787045e-04 2.736080311125202208e-04 2.850915763731256170e-04 3.697667192986091159e-04 4.472909421613305422e-04 3.987301479390651586e-04 0.000000000000000000e+00 3.288866305785044249e-07 0.000000000000000000e+00 0.000000000000000000e+00 1.543036098798388593e+03
3.830676925615593063e+03 4.123316149232163639e+02 0.000000000000000000e+00 1.602472882285008779e+02 1.634247179602801078e-04 1.609904166360400012e-05 8.411477055095022004e-06 1.431763335993563061e-07 1.446650932486194681e-07 9.924373823570332000e-05 1.734266749929183463e-04 1.983415211471505708e-04 2.225534477031783582e-04 2.736080228026610724e-04 2.850780653926287276e-04 3.697629095122851347e-04 4.472897774082475512e-04 3.987301478360117963e-04 0.000000000000000000e+00 3.290703463167774636e-07 0.000000000000000000e+00 0.000000000000000000e+00 1.543038998669658213e+03
3.833229237395619293e+03 4.125613229834187337e+02 0.000000000000000000e+00 1.598389019913250877e+02 1.633498711356834432e-04 1.609729254727134212e-05 8.411133714217705186e-06 1.431723404244081039e-07 1.446612810833343449e-07 9.924372883087455690e-05 1.734266518020094092e-04 1.983414979776493140e-04 2.225534338652023999e-04 2.736080176073727539e-04 2.850696188867412706e-04 3.697605277504589587e-04 4.472890492420416707e-04 3.987301477715838953e-04 0.000000000000000000e+00 3.291847559146117543e-07 0.000000000000000000e+00 0.000000000000000000e+00 1.543040813499770366e+03
3.835781549175645523e+03 4.127910310436211034e+02 0.000000000000000000e+00 1.594305265405614307e+02 1.632750422732165277e-04 1.609554332195112082e-05 8.410790357236445509e-06 1.431683472538376326e-07 1.446574689182439070e-07 9.924371942323890279e-05 1.734266286048467940e-04 1.983414748019962399e-04 2.225534200010279430e-04 2.736080124104602464e-04 2.850611702390812687e-04 3.697581453435579146e-04 4.472883208803891042e-04 3.987301477071364245e-04 0.000000000000000000e+00 3.292987544820240540e-07 0.000000000000000000e+00 0.000000000000000000e+00 1.543042631746764755e+03
3.861304666975905548e+03 4.150881116456445170e+02 0.000000000000000000e+00 1.553475280250511048e+02 1.625288430209288076e-04 1.607804575033300020e-05 8.407355792551730905e-06 1.431284184984386459e-07 1.446193499100620204e-07 9.924362515295804448e-05 1.734263961557730243e-04 1.983412425723625775e-04 2.225532804701295245e-04 2.736079603285534794e-04 2.849765679786059238e-04 3.697342831446289802e-04 4.472810251173079212e-04 3.987301470612678663e-04 0.000000000000000000e+00 3.304078098420514390e-07 0.000000000000000000e+00 0.000000000000000000e+00 1.542673434346143949e+03
3.865292654132196276e+03 4.154470304897106985e+02 0.000000000000000000e+00 1.547095859165857519e+02 1.624122903808128090e-04 1.607531144865534270e-05 8.406819098145105378e-06 1.431221796245537782e-07 1.446133938022774159e-07 9.924361041605591618e-05 1.734263598190208136e-04 1.983412062700968864e-04 2.225532586162253673e-04 2.736079521865661239e-04 2.849633437268782343e-04 3.697305530789553275e-04 4.472798846527587338e-04 3.987301469602983948e-04 0.000000000000000000e+00 3.305856033342415656e-07 0.000000000000000000e+00 0.000000000000000000e+00 1.542656485618460238e+03
3.869280641288487004e+03 4.158059493337768799e+02 0.000000000000000000e+00 1.539887963634249672e+02 1.615701573800494898e-04 1.605851971247758005e-05 8.404934268080490993e-06 1.431113162700956441e-07 1.446028755124743729e-07 9.924348198338833900e-05 1.734260432830165915e-04 1.983408900374509143e-04 2.225530679278608004e-04 2.736078801097293831e-04 2.848521976925155589e-04 3.696985735461687933e-04 4.472699406477731910e-04 3.987301460309561796e-04 0.000000000000000000e+00 3.319436566908762499e-07 0.000000000000000000e+00 0.000000000000000000e+00 1.542211998549970758e+03
3.873268628444777733e+03 4.161648681778430614e+02 0.000000000000000000e+00 1.533511114674577129e+02 1.614544206233820478e-04 1.605578466501755670e-05 8.404397227105884786e-06 1.431050763044526995e-07 1.445969183980199362e-07 9.924346719892876661e-05 1.734260068311093165e-04 1.983408536255295846e-04 2.225530458092484388e-04 2.736078719408280638e-04 2.848389558743076979e-04 3.696948365066568586e-04 4.472687979460944138e-04 3.987301459296338003e-04 0.000000000000000000e+00 3.321284410902107620e-07 0.000000000000000000e+00 0.000000000000000000e+00 1.542260055034067364e+03
3.877256615601068461e+03 4.165237870219092429e+02 0.000000000000000000e+00 1.527133684169911021e+02 1.613383433257756792e-04 1.605304905810493653e-05 8.403860236872677170e-06 1.430988367306770277e-07 1.445909616143728407e-07 9.924345241906976220e-05 1.734259703950979362e-04 1.983408172274643045e-04 2.225530236261302492e-04 2.736078637742240063e-04 2.848257072346403697e-04 3.696910983247833822e-04 4.472676549520092923e-04 3.987301458283505607e-04 0.000000000000000000e+00 3.323196559623506793e-07 0.000000000000000000e+00 0.000000000000000000e+00 1.542307910711522709e+03
3.879749107573750280e+03 4.167481112994506134e+02 0.000000000000000000e+00 1.523147928338519819e+02 1.612658085325925845e-04 1.605133912050051980e-05 8.403524593869946720e-06 1.430949369663352396e-07 1.445872385903166494e-07 9.924344317789666851e-05 1.734259476144125035e-04 1.983407944706363341e-04 2.225530097229146478e-04 2.736078586679079744e-04 2.848174237815853248e-04 3.696887610550932558e-04 4.472669403045437925e-04 3.987301457650216071e-04 0.000000000000000000e+00 3.324410990612161768e-07 0.000000000000000000e+00 0.000000000000000000e+00 1.542337817388802023e+03
3.882241599546432099e+03 4.169724355769919839e+02 0.000000000000000000e+00 1.518645798863968537e+02 1.607420866682200049e-04 1.604084269050929409e-05 8.402345341107017579e-06 1.430881422609740567e-07 1.445806600665189005e-07 9.924336273883042621e-05 1.734257494037752285e-04 1.983405964687272489e-04 2.225528887304860880e-04 2.736078135199671415e-04 2.847478869664511487e-04 3.696687467713803818e-04 4.472607166238070590e-04 3.987301451828467280e-04 0.000000000000000000e+00 3.333570410817475484e-07 0.000000000000000000e+00 0.000000000000000000e+00 1.542061300127195864e+03
3.886403560332144025e+03 4.173470120477060163e+02 0.000000000000000000e+00 1.511991607151447852e+02 1.606212708338051499e-04 1.603798669611199769e-05 8.401784705240491783e-06 1.430816299984358129e-07 1.445744429424262445e-07 9.924334728195617454e-05 1.734257113043327636e-04 1.983405584113039609e-04 2.225528653187626004e-04 2.736078049785780827e-04 2.847340410408998198e-04 3.696648392017799702e-04 4.472595218068620778e-04 3.987301450769100927e-04 0.000000000000000000e+00 3.335674259910183490e-07 0.000000000000000000e+00 0.000000000000000000e+00 1.542111333469805231e+03
3.890565521117855951e+03 4.177215885184200488e+02 0.000000000000000000e+00 1.504476888721017644e+02 1.597495081015584044e-04 1.602045812062707531e-05 8.399814287151838570e-06 1.430702788067957846e-07 1.445634532744585249e-07 9.924321278572297283e-05 1.734253799341934547e-04 1.983402274098382766e-04 2.225526613245287961e-04 2.736077294843796250e-04 2.846178526680526763e-04 3.696313903804121720e-04 4.472491202257434097e-04 3.987301441033761222e-04 0.000000000000000000e+00 3.351683763769432551e-07 0.000000000000000000e+00 0.000000000000000000e+00 1.541650958793302379e+03
3.894727481903567877e+03 4.180961649891340812e+02 0.000000000000000000e+00 1.497824474429258998e+02 1.596291732916043185e-04 1.601760123320046929e-05 8.399253396296106755e-06 1.430637658658053788e-07 1.445572355082244212e-07 9.924319729244359745e-05 1.734253417492424582e-04 1.983401892702939381e-04 2.225526376556921301e-04 2.736077209222151927e-04 2.846039886779492688e-04 3.696274764801139672e-04 4.472479234177343223e-04 3.987301439971720142e-04 0.000000000000000000e+00 3.353877436607541028e-07 0.000000000000000000e+00 0.000000000000000000e+00 1.541701149900994096e+03
3.898889442689279804e+03 4.184707414598481137e+02 0.000000000000000000e+00 1.491172443850279308e+02 1.595088764119633113e-04 1.601474383887841398e-05 8.398692438318771999e-06 1.430572528390501078e-07 1.445510176463904204e-07 9.924318178865877737e-05 1.734253035414619044e-04 1.983401511083159117e-04 2.225526138764118004e-04 2.736077123539362396e-04 2.845901161720029910e-04 3.696235600505124439e-04 4.472467258386407041e-04 3.987301438908927168e-04 0.000000000000000000e+00 3.356125090995978609e-07 0.000000000000000000e+00 0.000000000000000000e+00 1.541751336899079433e+03
3.901490668180349530e+03 4.187048517540443981e+02 0.000000000000000000e+00 1.486478680137076651e+02 1.589666839872368263e-04 1.600378714251456588e-05 8.397459712913257407e-06 1.430501533014551345e-07 1.445441445829971539e-07 9.924309756720949114e-05 1.734250960710606668e-04 1.983399438878707629e-04 2.225524847157282955e-04 2.736076650748189864e-04 2.845174382311857421e-04 3.696026301896801329e-04 4.472402169852479192e-04 3.987301432811515096e-04 0.000000000000000000e+00 3.366694431236556939e-07 0.000000000000000000e+00 0.000000000000000000e+00 1.541464929613019194e+03
3.904091893671419257e+03 4.189389620482406826e+02 0.000000000000000000e+00 1.482322246879805334e+02 1.588918450004204454e-04 1.600200097712361843e-05 8.397108967401761763e-06 1.430460821958839152e-07 1.445402579916112293e-07 9.924308785706195592e-05 1.734250721421327359e-04 1.983399199899109800e-04 2.225524697369459480e-04 2.736076597081604257e-04 2.845087604417744311e-04 3.696001794419824711e-04 4.472394675418451290e-04 3.987301432145763463e-04 0.000000000000000000e+00 3.368126322865916141e-07 0.000000000000000000e+00 0.000000000000000000e+00 1.541496439873331155e+03
3.905152346631780347e+03 4.190344028146731716e+02 0.000000000000000000e+00 1.480627639939243352e+02 1.588612727743065288e-04 1.600127275049960634e-05 8.396965992412217599e-06 1.430444225861293451e-07 1.445386735939724043e-07 9.924308390026961044e-05 1.734250623918236417e-04 1.983399102518373783e-04 2.225524636293863673e-04 2.736076575212853415e-04 2.845052223474270380e-04 3.695991803762457557e-04 4.472391620354167056e-04 3.987301431874492284e-04 0.000000000000000000e+00 3.368716629585064192e-07 0.000000000000000000e+00 0.000000000000000000e+00 1.541509250876315036e+03
3.906212799592141437e+03 4.191298435811056606e+02 0.000000000000000000e+00 1.478933057932698318e+02 1.588307030086745985e-04 1.600054449106368256e-05 8.396823013068275258e-06 1.430427629708117539e-07 1.445370891901357598e-07 9.924307994279532889e-05 1.734250526400330395e-04 1.983399005123080727e-04 2.225524575145843974e-04 2.736076553340133851e-04 2.845016837007150671e-04 3.695981811464204626e-04 4.472388564789741444e-04 3.987301431603172317e-04 0.000000000000000000e+00 3.369310436303152383e-07 0.000000000000000000e+00 0.000000000000000000e+00 1.541522061613700771e+03
3.908863931993043934e+03 4.193684454971868831e+02 0.000000000000000000e+00 1.474151125093353016e+02 1.582798377360452409e-04 1.598937670727042126e-05 8.395565838219853000e-06 1.430355239035942883e-07 1.445300812828274118e-07 9.924299399793445452e-05 1.734248409477029515e-04 1.983396890874401981e-04 2.225523247289536806e-04 2.736076070842059153e-04 2.844275695063606555e-04 3.695768331022369229e-04 4.472322173909399831e-04 3.987301425380234570e-04 0.000000000000000000e+00 3.380470758979291092e-07 0.000000000000000000e+00 0.000000000000000000e+00 1.541231019408282236e+03
3.911515064393946432e+03 4.196070474132681056e+02 0.000000000000000000e+00 1.469915795912729379e+02 1.582037732710837646e-04 1.598755575889800978e-05 8.395208237512745276e-06 1.430313743834383542e-07 1.445261198288712521e-07 9.924298408316343753e-05 1.734248165172290045e-04 1.983396646900528217e-04 2.225523093196651978e-04 2.736076016040852178e-04 2.844187151237432491e-04 3.695743319290020886e-04 4.472314525047969532e-04 3.987301424700368251e-04 0.000000000000000000e+00 3.381982854256374145e-07 0.000000000000000000e+00 0.000000000000000000e+00 1.541263198776679474e+03
3.912585146134919796e+03 4.197033547699556948e+02 0.000000000000000000e+00 1.468206142394598714e+02 1.581730071665943900e-04 1.598682071114344020e-05 8.395063913855160394e-06 1.430296995823577011e-07 1.445245209274755716e-07 9.924298008309092038e-05 1.734248066613696575e-04 1.983396548471476578e-04 2.225523030989183526e-04 2.736075993931407369e-04 2.844151408257037934e-04 3.695733224204699819e-04 4.472311437961953569e-04 3.987301424426096543e-04 0.000000000000000000e+00 3.382600015917152634e-07 0.000000000000000000e+00 0.000000000000000000e+00 1.541276151494114629e+03
3.913655227875893161e+03 4.197996621266432840e+02 0.000000000000000000e+00 1.466496514118153982e+02 1.581422435831019899e-04 1.598608563015766406e-05 8.394919585768834949e-06 1.430280247756106359e-07 1.445229220197648634e-07 9.924297608232294176e-05 1.734247968039998001e-04 1.983396450027582482e-04 2.225522968707318206e-04 2.736075971817913607e-04 2.844115659645771090e-04 3.695723127445381439e-04 4.472308350365485465e-04 3.987301424151774420e-04 0.000000000000000000e+00 3.383220740137739013e-07 0.000000000000000000e+00 0.000000000000000000e+00 1.541289103955092969e+03
3.916330432228326117e+03 4.200404305183622569e+02 0.000000000000000000e+00 1.461673094060925848e+02 1.575881505348068789e-04 1.597481558022780031e-05 8.393650178220777550e-06 1.430207165773460704e-07 1.445158474296447795e-07 9.924288924689223651e-05 1.734245829421093095e-04 1.983394314238023492e-04 2.225521616972565701e-04 2.736075484287129093e-04 2.843367360972516166e-04 3.695507538526260588e-04 4.472241301836239443e-04 3.987301417863578002e-04 0.000000000000000000e+00 3.394875786564521555e-07 0.000000000000000000e+00 0.000000000000000000e+00 1.540996301820532835e+03
3.919005636580759074e+03 4.202811989100812298e+02 0.000000000000000000e+00 1.457400167890692444e+02 1.575116080023345312e-04 1.597297757819114567e-05 8.393289203003895160e-06 1.430165290698283653e-07 1.445118497078962436e-07 9.924287922348734668e-05 1.734245582467312428e-04 1.983394067633542678e-04 2.225521460012143665e-04 2.736075428881710341e-04 2.843277910365462333e-04 3.695482265043838047e-04 4.472233572701116177e-04 3.987301417176177562e-04 0.000000000000000000e+00 3.396455039421178945e-07 0.000000000000000000e+00 0.000000000000000000e+00 1.541028838348062436e+03
3.923303261349199602e+03 4.206679851392408978e+02 0.000000000000000000e+00 1.450535598166528075e+02 1.573884159094381336e-04 1.597002426592350374e-05 8.392709317621137671e-06 1.430098022287254230e-07 1.445054277034900023e-07 9.924286312031965144e-05 1.734245185767404262e-04 1.983393671481710637e-04 2.225521206909581969e-04 2.736075339866772343e-04 2.843134127408290497e-04 3.695441645685900627e-04 4.472221150922763076e-04 3.987301416071872655e-04 0.000000000000000000e+00 3.399063297492351076e-07 0.000000000000000000e+00 0.000000000000000000e+00 1.541080964305870793e+03
3.966279509033606246e+03 4.245358474308375207e+02 0.000000000000000000e+00 1.381918576314971574e+02 1.561615083579410946e-04 1.594045519933085859e-05 8.386905297979685252e-06 1.429425329469664316e-07 1.444412064552685581e-07 9.924270127597375655e-05 1.734241198998276543e-04 1.983389690352300669e-04 2.225518637378389602e-04 2.736074444922335317e-04 2.841691087782553609e-04 3.695033756933723836e-04 4.472096376978643021e-04 3.987301404966146941e-04 0.000000000000000000e+00 3.429250028379107093e-07 0.000000000000000000e+00 0.000000000000000000e+00 1.540568226513459194e+03
3.972170017498477591e+03 4.250659931926759327e+02 0.000000000000000000e+00 1.372513987993146429e+02 1.559934547487939278e-04 1.593640217540136440e-05 8.386109731329964960e-06 1.429333129235983667e-07 1.444324041921275755e-07 9.924267908357710030e-05 1.734240652320162524e-04 1.983389144448762095e-04 2.225518284840851324e-04 2.736074322203123680e-04 2.841493247619349344e-04 3.694977832389123563e-04 4.472079269249191742e-04 3.987301403443277653e-04 0.000000000000000000e+00 3.433497347722331108e-07 0.000000000000000000e+00 0.000000000000000000e+00 1.540470354554932101e+03
3.978060525963348937e+03 4.255961389545143447e+02 0.000000000000000000e+00 1.363109939815617224e+02 1.558254990683680726e-04 1.593234858977080409e-05 8.385314078734139157e-06 1.429240929226624605e-07 1.444236019354313490e-07 9.924265687648781056e-05 1.734240105302462291e-04 1.983388598210024259e-04 2.225517931136064510e-04 2.736074199398218329e-04 2.841295303788846267e-04 3.694921875551015686e-04 4.472062151435399332e-04 3.987301401919344764e-04 0.000000000000000000e+00 3.437835404419498185e-07 0.000000000000000000e+00 0.000000000000000000e+00 1.540442403185448484e+03
3.981742093753893641e+03 4.259274800556633522e+02 0.000000000000000000e+00 1.357232553609315460e+02 1.557205727325546398e-04 1.592981505003273750e-05 8.384816780808786077e-06 1.429183305038645787e-07 1.444181005981321655e-07 9.924264299348805316e-05 1.734239763331248032e-04 1.983388256726761694e-04 2.225517709813639876e-04 2.736074122624650357e-04 2.841171566863339012e-04 3.694886895420207147e-04 4.472051450644507387e-04 3.987301400966648725e-04 0.000000000000000000e+00 3.440599192673513343e-07 0.000000000000000000e+00 0.000000000000000000e+00 1.540399758537976595e+03
3.985423661544438346e+03 4.262588211568123597e+02 0.000000000000000000e+00 1.351355318397897065e+02 1.556156914247479209e-04 1.592728143908494646e-05 8.384319465385395878e-06 1.429125681573042077e-07 1.444125993249910161e-07 9.924262910665043692e-05 1.734239421268394296e-04 1.983387915152982613e-04 2.225517488224957685e-04 2.736074045828937014e-04 2.841047805957668741e-04 3.694851907557261737e-04 4.472040747477472539e-04 3.987301400013690310e-04 0.000000000000000000e+00 3.443416600528198213e-07 0.000000000000000000e+00 0.000000000000000000e+00 1.540357880094463326e+03
3.987724641413528843e+03 4.264659093450304681e+02 0.000000000000000000e+00 1.347682139149360694e+02 1.555501539099199513e-04 1.592569780762160617e-05 8.384008625969616355e-06 1.429089666781456768e-07 1.444091610157553766e-07 9.924262042472141410e-05 1.734239207416109619e-04 1.983387701606982611e-04 2.225517349569993439e-04 2.736073997815958872e-04 2.840970437271298551e-04 3.694830034380271384e-04 4.472034056131980522e-04 3.987301399417887606e-04 0.000000000000000000e+00 3.445200039639598385e-07 0.000000000000000000e+00 0.000000000000000000e+00 1.540341401562691544e+03
3.990025621282619340e+03 4.266729975332485765e+02 0.000000000000000000e+00 1.343539949082728810e+02 1.550788555930106467e-04 1.591599181108035611e-05 8.382913004659182194e-06 1.429026667496489327e-07 1.444030636554855945e-07 9.924254523049096035e-05 1.734237355962255024e-04 1.983385852811277595e-04 2.225516150173085150e-04 2.736073575424442577e-04 2.840324200691872057e-04 3.694643668251921414e-04 4.471976073859716314e-04 3.987301393968069492e-04 0.000000000000000000e+00 3.458489893591832379e-07 0.000000000000000000e+00 0.000000000000000000e+00 1.540062165559563482e+03
3.993965195160147687e+03 4.270275591822261276e+02 0.000000000000000000e+00 1.337252882851249751e+02 1.549672826234050889e-04 1.591328005785604087e-05 8.382380553271499116e-06 1.428964997567726083e-07 1.443971761000738415e-07 9.924253033060310470e-05 1.734236988950783084e-04 1.983385486365472146e-04 2.225515911012505518e-04 2.736073493019908535e-04 2.840191621207946459e-04 3.694606169668715294e-04 4.471964601404410143e-04 3.987301392945325862e-04 0.000000000000000000e+00 3.461554540410743192e-07 0.000000000000000000e+00 0.000000000000000000e+00 1.540084945640662681e+03
3.997904769037676033e+03 4.273821208312036788e+02 0.000000000000000000e+00 1.330965174117074810e+02 1.548553891683016092e-04 1.591056791570098281e-05 8.381848171784901690e-06 1.428903332304253024e-07 1.443912889511915547e-07 9.924251543792092446e-05 1.734236622149887058e-04 1.983385120109308836e-04 2.225515671521296535e-04 2.736073410653860416e-04 2.840059000057314426e-04 3.694568667301570950e-04 4.471953128388400688e-04 3.987301391923174748e-04 0.000000000000000000e+00 3.464671860089528880e-07 0.000000000000000000e+00 0.000000000000000000e+00 1.540083665089942770e+03
4.007753703731496444e+03 4.282685249536474998e+02 0.000000000000000000e+00 1.315247299077907428e+02 1.545759425499984216e-04 1.590378625181276145e-05 8.380517005306305979e-06 1.428749170858482754e-07 1.443765712046007839e-07 9.924247816849150630e-05 1.734235704266598422e-04 1.983384203598809886e-04 2.225515069932444288e-04 2.736073204518917859e-04 2.839727189285477273e-04 3.694474830209438956e-04 4.471924420465431520e-04 3.987301389365081037e-04 0.000000000000000000e+00 3.472673498254303024e-07 0.000000000000000000e+00 0.000000000000000000e+00 1.540015238292145114e+03
4.010215937404951546e+03 4.284901259842584409e+02 0.000000000000000000e+00 1.310817308485168837e+02 1.540739155973485221e-04 1.589339819914976568e-05 8.379343407950915596e-06 1.428681710033884668e-07 1.443700424148242035e-07 9.924239753861503288e-05 1.734233719268426458e-04 1.983382221576986473e-04 2.225513769859014030e-04 2.736072751533690406e-04 2.839034896150809638e-04 3.694275118341628066e-04 4.471862282330068454e-04 3.987301383520242535e-04 0.000000000000000000e+00 3.487435776504316670e-07 0.000000000000000000e+00 0.000000000000000000e+00 1.539719173260158186e+03
4.012678171078406649e+03 4.287117270148693819e+02 0.000000000000000000e+00 1.306888745357082371e+02 1.540043700532902412e-04 1.589170267485367791e-05 8.379010498448177327e-06 1.428643166029722714e-07 1.443663626466413633e-07 9.924238820463405705e-05 1.734233489387757921e-04 1.983381992059730849e-04 2.225513618623181633e-04 2.736072699906015289e-04 2.838951893180861560e-04 3.694251636823482144e-04 4.471855098087329440e-04 3.987301382879479593e-04 0.000000000000000000e+00 3.489409906215495915e-07 0.000000000000000000e+00 0.000000000000000000e+00 1.539728236057131198e+03
4.016732757180498993e+03 4.290766397640576884e+02 0.000000000000000000e+00 1.300419255929383553e+02 1.538896587400551694e-04 1.588891022864681032e-05 8.378462315980972683e-06 1.428579698017216224e-07 1.443603033718615368e-07 9.924237283536599722e-05 1.734233110899075468e-04 1.983381614157382492e-04 2.225513368975689556e-04 2.736072614894365877e-04 2.838815156428798909e-04 3.694212958746763615e-04 4.471843264811586698e-04 3.987301381824458180e-04 0.000000000000000000e+00 3.492657799241854110e-07 0.000000000000000000e+00 0.000000000000000000e+00 1.539741510502294204e+03
4.019266873494306765e+03 4.293047102323003514e+02 0.000000000000000000e+00 1.296375936341835313e+02 1.538179816868695657e-04 1.588716483303988586e-05 8.378119684395334127e-06 1.428540030478743824e-07 1.443565163182081940e-07 9.924236322655835118e-05 1.734232874276975787e-04 1.983381377902862313e-04 2.225513212628536992e-04 2.736072561744586377e-04 2.838729672852435023e-04 3.694188777971576534e-04 4.471835866893689930e-04 3.987301381164858310e-04 0.000000000000000000e+00 3.494673582725809366e-07 0.000000000000000000e+00 0.000000000000000000e+00 1.539749251687291007e+03
4.021800989808114537e+03 4.295327807005430145e+02 0.000000000000000000e+00 1.291818599936426608e+02 1.533031940463996956e-04 1.587647322292110684e-05 8.376911006893221346e-06 1.428470567116992109e-07 1.443497939885806056e-07 9.924228012894506100e-05 1.734230828767239802e-04 1.983379335579474540e-04 2.225511861729766432e-04 2.736072094861272141e-04 2.838016717099548858e-04 3.693983057350890497e-04 4.471771857868430409e-04 3.987301375140555075e-04 0.000000000000000000e+00 3.509438447327398922e-07 0.000000000000000000e+00 0.000000000000000000e+00 1.539450624532798656e+03
4.025912403124208595e+03 4.299028078989915116e+02 0.000000000000000000e+00 1.285259733629514471e+02 1.531872145534382437e-04 1.587364092313763042e-05 8.376354951348062488e-06 1.428406205749531794e-07 1.443436494226475064e-07 9.924226451554230553e-05 1.734230444300682362e-04 1.983378951729864456e-04 2.225511606405929544e-04 2.736072008493196364e-04 2.837877909927681097e-04 3.693943784482104807e-04 4.471759842160473800e-04 3.987301374068641250e-04 0.000000000000000000e+00 3.512645744141168487e-07 0.000000000000000000e+00 0.000000000000000000e+00 1.539470901787267394e+03
4.026940256453231996e+03 4.299953146986036359e+02 0.000000000000000000e+00 1.283620046472790364e+02 1.531582213499715819e-04 1.587293280062356075e-05 8.376215931485790159e-06 1.428390115280821744e-07 1.443421132682842090e-07 9.924226061133536460e-05 1.734230348165142512e-04 1.983378855748848895e-04 2.225511542489616438e-04 2.736071986896143333e-04 2.837843201317054656e-04 3.693933964213011456e-04 4.471756837590904854e-04 3.987301373800598283e-04 0.000000000000000000e+00 3.513453373144079416e-07 0.000000000000000000e+00 0.000000000000000000e+00 1.539488210092879399e+03
4.027968109782255397e+03 4.300878214982157601e+02 0.000000000000000000e+00 1.281980399582118935e+02 1.531292285310320740e-04 1.587222460339992135e-05 8.376076902675661675e-06 1.428374024567349613e-07 1.443405770895859196e-07 9.924225670591644828e-05 1.734230252003038895e-04 1.983378759741663945e-04 2.225511478451188015e-04 2.736071965291932942e-04 2.837808482802559582e-04 3.693924140976602042e-04 4.471753832085154437e-04 3.987301373532462076e-04 0.000000000000000000e+00 3.514270802835424923e-07 0.000000000000000000e+00 0.000000000000000000e+00 1.539521755967797844e+03
4.030537743104814126e+03 4.303190884972460708e+02 0.000000000000000000e+00 1.277360915520351767e+02 1.526088954178538362e-04 1.586138068048808462e-05 8.374850240466944677e-06 1.428303543097111413e-07 1.443337564755262708e-07 9.924217229245822346e-05 1.734228174545314276e-04 1.983376685657949382e-04 2.225510089809114506e-04 2.736071490956004876e-04 2.837084747327460899e-04 3.693715257324151329e-04 4.471688835198651913e-04 3.987301367411324408e-04 0.000000000000000000e+00 3.529797829931691907e-07 0.000000000000000000e+00 0.000000000000000000e+00 1.539375134213365982e+03
4.033107376427372856e+03 4.305503554962763815e+02 0.000000000000000000e+00 1.272744328333960055e+02 1.520910084089233290e-04 1.585053583874661284e-05 8.373622493358115292e-06 1.428233014470004500e-07 1.443269316204758872e-07 9.924208774594281846e-05 1.734226094005372287e-04 1.983374608695468529e-04 2.225508688587251899e-04 2.736071015840934977e-04 2.836360689741295013e-04 3.693506208817775834e-04 4.471623782779511440e-04 3.987301361279229251e-04 0.000000000000000000e+00 3.545696082860171243e-07 0.000000000000000000e+00 0.000000000000000000e+00 1.539229680633989119e+03
4.058803709652961516e+03 4.328630254865793745e+02 0.000000000000000000e+00 1.231773501819329226e+02 1.513714077919844773e-04 1.583281914105812523e-05 8.370143816904334976e-06 1.427830708925186476e-07 1.442885233972246960e-07 9.924198963780544102e-05 1.734223678873327468e-04 1.983372197748471200e-04 2.225507051351503448e-04 2.736070473012738847e-04 2.835490054397483885e-04 3.693259729132440466e-04 4.471548362868479941e-04 3.987301354541410939e-04 0.000000000000000000e+00 3.570197162942035854e-07 0.000000000000000000e+00 0.000000000000000000e+00 1.538871295753847107e+03
4.084500042878550175e+03 4.351756954768823675e+02 0.000000000000000000e+00 1.190808912996645574e+02 1.506541923517347036e-04 1.581510165989256074e-05 8.366664561829400645e-06 1.427428449464144094e-07 1.442501193922182021e-07 9.924189137732420069e-05 1.734221259965669742e-04 1.983369783068799437e-04 2.225505405665811778e-04 2.736069929310186249e-04 2.834618597484627324e-04 3.693012970903502526e-04 4.471472857363926155e-04 3.987301347793461301e-04 0.000000000000000000e+00 3.595646978504778998e-07 0.000000000000000000e+00 0.000000000000000000e+00 1.538490303172086897e+03
4.100560251144543145e+03 4.366211142208217098e+02 0.000000000000000000e+00 1.165209206417900276e+02 1.502067598748693309e-04 1.580402642695844716e-05 8.364489631141666575e-06 1.427177048311673116e-07 1.442261178311132126e-07 9.924182988190936123e-05 1.734219746233723691e-04 1.983368272006288968e-04 2.225504369827098526e-04 2.736069589018986082e-04 2.834073381969784574e-04 3.692858572156466771e-04 4.471425613193426600e-04 3.987301343570352351e-04 0.000000000000000000e+00 3.611163768530591928e-07 0.000000000000000000e+00 0.000000000000000000e+00 1.538369065397399254e+03
4.116620459410535659e+03 4.380665329647610520e+02 0.000000000000000000e+00 1.139613478191274965e+02 1.497600732250910867e-04 1.579294747784051607e-05 8.362314093275252408e-06 1.426925649765070412e-07 1.442021163881725486e-07 9.924176827797847461e-05 1.734218230049194690e-04 1.983366758528210482e-04 2.225503323343118055e-04 2.736069248097202007e-04 2.833527377545419263e-04 3.692703930492071069e-04 4.471378294520228112e-04 3.987301339339584054e-04 0.000000000000000000e+00 3.626689398974721383e-07 0.000000000000000000e+00 0.000000000000000000e+00 1.538340515509101124e+03
4.119129866952097473e+03 4.382923796435015902e+02 0.000000000000000000e+00 1.135110903521788259e+02 1.492602761909974719e-04 1.578235703762028623e-05 8.361112569470416310e-06 1.426856688415325780e-07 1.441954442594596097e-07 9.924168532987969978e-05 1.734216189356562452e-04 1.983364721486594907e-04 2.225501915592110818e-04 2.736068781824042059e-04 2.832818362633982923e-04 3.692499091060646131e-04 4.471314549873258359e-04 3.987301333323358126e-04 0.000000000000000000e+00 3.644559434388367284e-07 0.000000000000000000e+00 0.000000000000000000e+00 1.538049206908263614e+03
4.121639274493659286e+03 4.385182263222421284e+02 0.000000000000000000e+00 1.131112490198623419e+02 1.491908099923795381e-04 1.578062591049055608e-05 8.360772523786060150e-06 1.426817403752362474e-07 1.441916937028468926e-07 9.924167568728044003e-05 1.734215952034983234e-04 1.983364484608902696e-04 2.225501751152344219e-04 2.736068728459129743e-04 2.832732999546676679e-04 3.692474905775060918e-04 4.471307149000674857e-04 3.987301332661040160e-04 0.000000000000000000e+00 3.646967149447084669e-07 0.000000000000000000e+00 0.000000000000000000e+00 1.538056827500602822e+03
4.125626439032743292e+03 4.388770711307596457e+02 0.000000000000000000e+00 1.124759133036769612e+02 1.490802499299483217e-04 1.577787502505001527e-05 8.360232264248124067e-06 1.426754988086241377e-07 1.441857347725177444e-07 9.924166036895656017e-05 1.734215575048498399e-04 1.983364108314948204e-04 2.225501489452758606e-04 2.736068643681794851e-04 2.832597326526435839e-04 3.692436471453394340e-04 4.471295388231721099e-04 3.987301331608941756e-04 0.000000000000000000e+00 3.650819883192621191e-07 0.000000000000000000e+00 0.000000000000000000e+00 1.538048575100438029e+03
4.165498084423578803e+03 4.424655192159348758e+02 0.000000000000000000e+00 1.061243821458919001e+02 1.479799260514642043e-04 1.575035792855680543e-05 8.354827521805613272e-06 1.426130910996617316e-07 1.441261524414683825e-07 9.924150671272189219e-05 1.734211794113993572e-04 1.983360334458630697e-04 2.225498831778583472e-04 2.736067793181397746e-04 2.831237529079162762e-04 3.692051150909946770e-04 4.471177483455410478e-04 3.987301321055978088e-04 0.000000000000000000e+00 3.688436209677045583e-07 0.000000000000000000e+00 0.000000000000000000e+00 1.537690521433953563e+03
4.166993334203304585e+03 4.426000916961101552e+02 0.000000000000000000e+00 1.058563532940147383e+02 1.476847612071767500e-04 1.574404838170701714e-05 8.354110552917785965e-06 1.426089782508218640e-07 1.441221736035420411e-07 9.924145713526748638e-05 1.734210574656225030e-04 1.983359117285988453e-04 2.225497975716700307e-04 2.736067514445215390e-04 2.830814395175783337e-04 3.691928844058752065e-04 4.471139422068220169e-04 3.987301317460029138e-04 0.000000000000000000e+00 3.698770948676824665e-07 0.000000000000000000e+00 0.000000000000000000e+00 1.537515801757708232e+03
4.168488583983030367e+03 4.427346641762854347e+02 0.000000000000000000e+00 1.056181926470937356e+02 1.476436130881157119e-04 1.574301645198220367e-05 8.353907826330012488e-06 1.426066377393994461e-07 1.441199390596835427e-07 9.924145136703274670e-05 1.734210432720129178e-04 1.983358975622664586e-04 2.225497875732317284e-04 2.736067482516910446e-04 2.830763384177838117e-04 3.691914386259072928e-04 4.471134997948200186e-04 3.987301317063839980e-04 0.000000000000000000e+00 3.700164731085345051e-07 0.000000000000000000e+00 0.000000000000000000e+00 1.537518238643310724e+03
4.171519628743174508e+03 4.430074582046983664e+02 0.000000000000000000e+00 1.051354029980511626e+02 1.475601216226070356e-04 1.574092440462133969e-05 8.353496883528374454e-06 1.426018933850760317e-07 1.441154094938249646e-07 9.924143967408992231e-05 1.734210145012885624e-04 1.983358688463109283e-04 2.225497672698102951e-04 2.736067417793219088e-04 2.830659950167336539e-04 3.691885072549944678e-04 4.471126028080294021e-04 3.987301316260741073e-04 0.000000000000000000e+00 3.702989054482303793e-07 0.000000000000000000e+00 0.000000000000000000e+00 1.537523127637354719e+03
4.201830076344613190e+03 4.457353984888277978e+02 0.000000000000000000e+00 1.003084628850929221e+02 1.467283545731845834e-04 1.572000154901812805e-05 8.349386465623001604e-06 1.425544554263147561e-07 1.440701188318067329e-07 9.924132250132430507e-05 1.734207262169789709e-04 1.983355811173495033e-04 2.225495622395150632e-04 2.736066769158091816e-04 2.829624110431987107e-04 3.691591449526217174e-04 4.471036182419409503e-04 3.987301308213628834e-04 0.000000000000000000e+00 3.731181463175737151e-07 0.000000000000000000e+00 0.000000000000000000e+00 1.537197057537433238e+03
4.206566083782337955e+03 4.461616391582230108e+02 0.000000000000000000e+00 9.955427554534833234e+01 1.465984656603105040e-04 1.571673230583672836e-05 8.348744189684221669e-06 1.425470433851297971e-07 1.440630422926321265e-07 9.924130418732529256e-05 1.734206811585438791e-04 1.983355361458269308e-04 2.225495301661760427e-04 2.736066667775613015e-04 2.829462227178948107e-04 3.691545559773581832e-04 4.471022140575790652e-04 3.987301306955876251e-04 0.000000000000000000e+00 3.735600282206976243e-07 0.000000000000000000e+00 0.000000000000000000e+00 1.537134369199778803e+03
4.211302091220062721e+03 4.465878798276182238e+02 0.000000000000000000e+00 9.880012732040653134e+01 1.464686364062856017e-04 1.571346261670200260e-05 8.348101846734518896e-06 1.425396313098084574e-07 1.440559657098508876e-07 9.924128586222181363e-05 1.734206360749764660e-04 1.983354911495290918e-04 2.225494979846690175e-04 2.736066566328208935e-04 2.829300262506676314e-04 3.691499644893338162e-04 4.471008090910467362e-04 3.987301305697315396e-04 0.000000000000000000e+00 3.740005181213262600e-07 0.000000000000000000e+00 0.000000000000000000e+00 1.537135887149529708e+03
4.214262095868640245e+03 4.468542802459902532e+02 0.000000000000000000e+00 9.826998488413896382e+01 1.458889663443501306e-04 1.570097352186900337e-05 8.346680659464761362e-06 1.425314828341730241e-07 1.440480834948263813e-07 9.924118743649395916e-05 1.734203940241099738e-04 1.983352495683193568e-04 2.225493252606749203e-04 2.736066012859964393e-04 2.828461309407573235e-04 3.691257039014275839e-04 4.470932592232922153e-04 3.987301298558160677e-04 0.000000000000000000e+00 3.760080835894162121e-07 0.000000000000000000e+00 0.000000000000000000e+00 1.536793540625579226e+03
4.217222100517217768e+03 4.471206806643622826e+02 0.000000000000000000e+00 9.779876835606459906e+01 1.458082796955391467e-04 1.569892995099298282e-05 8.346279032892429882e-06 1.425268497852544648e-07 1.440436601748435882e-07 9.924117595975035855e-05 1.734203657888268573e-04 1.983352213904843186e-04 2.225493050186016575e-04 2.736065949322269322e-04 2.828360014085935250e-04 3.691228311202417959e-04 4.470923801055590153e-04 3.987301297769808004e-04 0.000000000000000000e+00 3.762768289300318659e-07 0.000000000000000000e+00 0.000000000000000000e+00 1.536798766317855097e+03
4.220182105165795292e+03 4.473870810827343121e+02 0.000000000000000000e+00 9.732751725325016423e+01 1.457274139410201421e-04 1.569688611630703975e-05 8.345877443303964147e-06 1.425222169919404587e-07 1.440392370770379606e-07 9.924116448690942498e-05 1.734203375651163250e-04 1.983351932230572961e-04 2.225492847520048800e-04 2.736065885805381175e-04 2.828258693223483227e-04 3.691199580850907562e-04 4.470915009459424890e-04 3.987301296981780050e-04 0.000000000000000000e+00 3.765468723866946832e-07 0.000000000000000000e+00 0.000000000000000000e+00 1.536803886522129460e+03
4.227582116787240011e+03 4.480530821286643572e+02 0.000000000000000000e+00 9.614947069291473269e+01 1.455254129150586177e-04 1.569177585170832454e-05 8.344873350060610741e-06 1.425106350985213113e-07 1.440281793899641339e-07 9.924113578262510065e-05 1.734202669560304996e-04 1.983351227554735422e-04 2.225492338474249039e-04 2.736065726884525100e-04 2.828005229762545225e-04 3.691127705332946122e-04 4.470893015366224008e-04 3.987301295010167615e-04 0.000000000000000000e+00 3.772186770533227927e-07 0.000000000000000000e+00 0.000000000000000000e+00 1.536793129552784876e+03
4.229432119692601191e+03 4.482195823901468543e+02 0.000000000000000000e+00 9.585496466659378711e+01 1.454749222292247191e-04 1.569049823019635462e-05 8.344622317848542434e-06 1.425077396249955165e-07 1.440254149661492721e-07 9.924112860499090835e-05 1.734202493002720254e-04 1.983351051351459548e-04 2.225492211042034410e-04 2.736065687145218962e-04 2.827941852259841307e-04 3.691109732891700379e-04 4.470887515753261166e-04 3.987301294517153782e-04 0.000000000000000000e+00 3.773867385545098465e-07 0.000000000000000000e+00 0.000000000000000000e+00 1.536795317620756578e+03
4.231282122597962370e+03 4.483860826516293514e+02 0.000000000000000000e+00 9.556046425652652943e+01 1.454244411601343114e-04 1.568922055311713955e-05 8.344371276713952727e-06 1.425048441512297466e-07 1.440226505402237366e-07 9.924112142579150759e-05 1.734202316410215258e-04 1.983350875113819615e-04 2.225492083438767373e-04 2.736065647396807693e-04 2.827878463105531603e-04 3.691091756884866057e-04 4.470882015049392529e-04 3.987301294024029360e-04 0.000000000000000000e+00 3.775549084300025279e-07 0.000000000000000000e+00 0.000000000000000000e+00 1.536797507914511016e+03
4.235907129861365320e+03 4.488023333053356509e+02 0.000000000000000000e+00 9.482423845109974536e+01 1.452983082317672620e-04 1.568602622902526064e-05 8.343743642101459265e-06 1.424976055617855295e-07 1.440157395580286046e-07 9.924110347107265983e-05 1.734201874771408569e-04 1.983350434364235704e-04 2.225491763853197072e-04 2.736065547986887294e-04 2.827719946614651921e-04 3.691046802911531442e-04 4.470868259005132575e-04 3.987301292790756437e-04 0.000000000000000000e+00 3.779758612747307635e-07 0.000000000000000000e+00 0.000000000000000000e+00 1.536756849997780591e+03
4.237063381677216057e+03 4.489063959687622400e+02 0.000000000000000000e+00 9.464018325193309522e+01 1.452667796772049748e-04 1.568522764747777253e-05 8.343586732315749088e-06 1.424957959237758049e-07 1.440140118210005496e-07 9.924109898207932208e-05 1.734201764354054598e-04 1.983350324169273825e-04 2.225491683935349558e-04 2.736065523132607418e-04 2.827680315734465758e-04 3.691035563827273452e-04 4.470864819814054382e-04 3.987301292482417470e-04 0.000000000000000000e+00 3.780812057289668627e-07 0.000000000000000000e+00 0.000000000000000000e+00 1.536741312747712072e+03
4.238219633493066794e+03 4.490104586321888291e+02 0.000000000000000000e+00 9.445612929126082236e+01 1.452352558206908447e-04 1.568442906546270191e-05 8.343429821397481321e-06 1.424939862951076362e-07 1.440122840924793258e-07 9.924109449277122689e-05 1.734201653929022036e-04 1.983350213966719549e-04 2.225491603996023458e-04 2.736065498276519636e-04 2.827640683086523731e-04 3.691024324148264976e-04 4.470861380441529536e-04 3.987301292174057904e-04 0.000000000000000000e+00 3.781866566088360789e-07 0.000000000000000000e+00 0.000000000000000000e+00 1.536725777916259403e+03
4.241110263032694093e+03 4.492706152907552450e+02 0.000000000000000000e+00 9.393877353715039646e+01 1.446727775402202923e-04 1.567223325872822874e-05 8.342040435856823969e-06 1.424860229476274766e-07 1.440045814934517359e-07 9.924099815440567854e-05 1.734199285184119120e-04 1.983347850002676856e-04 2.225489890592756805e-04 2.736064956476047419e-04 2.826820464963404438e-04 3.690787045331718258e-04 4.470787537626473010e-04 3.987301285185593193e-04 0.000000000000000000e+00 3.801224525982136235e-07 0.000000000000000000e+00 0.000000000000000000e+00 1.536377558617906743e+03
4.244000892572321391e+03 4.495307719493216609e+02 0.000000000000000000e+00 9.347875393887251505e+01 1.445944075116830946e-04 1.567023690951756113e-05 8.341648016116464916e-06 1.424814984452533214e-07 1.440002617843317431e-07 9.924098691011037519e-05 1.734199008598001288e-04 1.983347573999892860e-04 2.225489689691551411e-04 2.736064894217438235e-04 2.826721332167701143e-04 3.690758920318400627e-04 4.470778930703769708e-04 3.987301284413135465e-04 0.000000000000000000e+00 3.803839345812290838e-07 0.000000000000000000e+00 0.000000000000000000e+00 1.536371948439332300e+03
4.246891522111948689e+03 4.497909286078880768e+02 0.000000000000000000e+00 9.301870020152857421e+01 1.445158683473229825e-04 1.566824033364753451e-05 8.341255634720741896e-06 1.424769741992809361e-07 1.439959422996808548e-07 9.924097566994719672e-05 1.734198732130437168e-04 1.983347298104385520e-04 2.225489488616819460e-04 2.736064831981093685e-04 2.826622178854555395e-04 3.690730794002371261e-04 4.470770323725932016e-04 3.987301283641018720e-04 0.000000000000000000e+00 3.806480310401636701e-07 0.000000000000000000e+00 0.000000000000000000e+00 1.536366239881641150e+03
4.254118095961015570e+03 4.504413202543041166e+02 0.000000000000000000e+00 9.186864006480681155e+01 1.443196798961481552e-04 1.566324833687626598e-05 8.340274576633975045e-06 1.424656637053340447e-07 1.439851436765815868e-07 9.924094754939008500e-05 1.734198040509536806e-04 1.983346607920966748e-04 2.225488983706253791e-04 2.736064676273603055e-04 2.826374149867678476e-04 3.690660433329788948e-04 4.470748792697736853e-04 3.987301281709341788e-04 0.000000000000000000e+00 3.813130773975701167e-07 0.000000000000000000e+00 0.000000000000000000e+00 1.536352028397599042e+03
4.261344669810082451e+03 4.510917119007201563e+02 0.000000000000000000e+00 9.071865402546761459e+01 1.441236506411932823e-04 1.565825578649635876e-05 8.339293414178830646e-06 1.424543533329791035e-07 1.439743451425863997e-07 9.924091940869298281e-05 1.734197348436937762e-04 1.983345917293170911e-04 2.225488476563161351e-04 2.736064520449530877e-04 2.826125975243577487e-04 3.690590027783834581e-04 4.470727248088734746e-04 3.987301279776280329e-04 0.000000000000000000e+00 3.819829178135098482e-07 0.000000000000000000e+00 0.000000000000000000e+00 1.536337870077206844e+03
4.262473821973999293e+03 4.511933355954726608e+02 0.000000000000000000e+00 9.053897051267581730e+01 1.440930249331343646e-04 1.565747568714393040e-05 8.339140105010603606e-06 1.424525860903064893e-07 1.439726578738619628e-07 9.924091501121838372e-05 1.734197240289592245e-04 1.983345809371753340e-04 2.225488397267454523e-04 2.736064496099179497e-04 2.826087194410080721e-04 3.690579025823407903e-04 4.470723881412548323e-04 3.987301279474205883e-04 0.000000000000000000e+00 3.820876958035335226e-07 0.000000000000000000e+00 0.000000000000000000e+00 1.536335657670177397e+03
4.263602974137916135e+03 4.512949592902251652e+02 0.000000000000000000e+00 9.035928880103764982e+01 1.440624031194090058e-04 1.565669557434734089e-05 8.338986793296815554e-06 1.424508188506030698e-07 1.439709706073114889e-07 9.924091061325157040e-05 1.734197132131209008e-04 1.983345701439476400e-04 2.225488317917070024e-04 2.736064471745978293e-04 2.826048410016663583e-04 3.690568022765621718e-04 4.470720514404117902e-04 3.987301279172097827e-04 0.000000000000000000e+00 3.821925908680920738e-07 0.000000000000000000e+00 0.000000000000000000e+00 1.536333446566553675e+03
4.266425854547707786e+03 4.515490185271064547e+02 0.000000000000000000e+00 8.985439024309094691e+01 1.435164892811721638e-04 1.564478672543402363e-05 8.337628618607131046e-06 1.424430368608395565e-07 1.439634439135579578e-07 9.924081633251626553e-05 1.734194814407783716e-04 1.983343388569635006e-04 2.225486618834872658e-04 2.736063941455401760e-04 2.825246574444351903e-04 3.690335978766409383e-04 4.470648299787676264e-04 3.987301272332375354e-04 0.000000000000000000e+00 3.841159957200735131e-07 0.000000000000000000e+00 0.000000000000000000e+00 1.535997448440203698e+03
4.269248734957499437e+03 4.518030777639877442e+02 0.000000000000000000e+00 8.940529581454686081e+01 1.434403531494328964e-04 1.564283655046472737e-05 8.337245203214769602e-06 1.424386183487646644e-07 1.439592253751942443e-07 9.924080531744790506e-05 1.734194543510706702e-04 1.983343118263730610e-04 2.225486419424833396e-04 2.736063880458884136e-04 2.825149563856152197e-04 3.690308446216144112e-04 4.470639874078256274e-04 3.987301271575610911e-04 0.000000000000000000e+00 3.843761234156208790e-07 0.000000000000000000e+00 0.000000000000000000e+00 1.535992130344147881e+03
4.272071615367291088e+03 4.520571370008690337e+02 0.000000000000000000e+00 8.895616895674064040e+01 1.433640560807417671e-04 1.564088615558997063e-05 8.336861824248497624e-06 1.424342000809063911e-07 1.439550070506556869e-07 9.924079430632047041e-05 1.734194272726673485e-04 1.983342848060127195e-04 2.225486219846424855e-04 2.736063819483606032e-04 2.825052533677568489e-04 3.690280912434853468e-04 4.470631448321433338e-04 3.987301270819171187e-04 0.000000000000000000e+00 3.846387747901664190e-07 0.000000000000000000e+00 0.000000000000000000e+00 1.535986718625849107e+03
4.279128816391770670e+03 4.526922850930722007e+02 0.000000000000000000e+00 8.783342242663032096e+01 1.431734656356842186e-04 1.563600964385086686e-05 8.335903277256285086e-06 1.424231545266704028e-07 1.439444613238656015e-07 9.924076675926949928e-05 1.734193595335325718e-04 1.983342172126867093e-04 2.225485718747477633e-04 2.736063666934074323e-04 2.824809819311734625e-04 3.690212035154785881e-04 4.470610370967726017e-04 3.987301268926749962e-04 0.000000000000000000e+00 3.852999689731257978e-07 0.000000000000000000e+00 0.000000000000000000e+00 1.535973246655114735e+03
4.286186017416250252e+03 4.533274331852753676e+02 0.000000000000000000e+00 8.671074635164936240e+01 1.429830272043118382e-04 1.563113261124176434e-05 8.334944630923032054e-06 1.424121090884415853e-07 1.439339156821780015e-07 9.924073919299214062e-05 1.734192917512933320e-04 1.983341495769553025e-04 2.225485215487272585e-04 2.736063514273229746e-04 2.824566966059756964e-04 3.690143115044465603e-04 4.470589280650358061e-04 3.987301267033007638e-04 0.000000000000000000e+00 3.859657188814172830e-07 0.000000000000000000e+00 0.000000000000000000e+00 1.535959825628732005e+03
4.356758027661047890e+03 4.596789141073072074e+02 0.000000000000000000e+00 7.548972119317960505e+01 1.410949173021645126e-04 1.558233030410987341e-05 8.325350512089675376e-06 1.423016759050894705e-07 1.438284780875037406e-07 9.924046196407635930e-05 1.734186101602146429e-04 1.983334694911444477e-04 2.225480072742584638e-04 2.736061978549901184e-04 2.822128866096619906e-04 3.689450765608513262e-04 4.470377386879525582e-04 3.987301247984508966e-04 0.000000000000000000e+00 3.933200021545138293e-07 0.000000000000000000e+00 0.000000000000000000e+00 1.535161122222614040e+03
4.362976281333230872e+03 4.602385569378037076e+02 0.000000000000000000e+00 7.441998480217959866e+01 1.402504694373115539e-04 1.556340593378737066e-05 8.323068097821326961e-06 1.422869821799317114e-07 1.438143090374232415e-07 9.924031447258144407e-05 1.734182476975689433e-04 1.983331078323409568e-04 2.225477330941976470e-04 2.736061149325142664e-04 2.820875441099998247e-04 3.689088080920160852e-04 4.470264603949058459e-04 3.987301237312676624e-04 0.000000000000000000e+00 3.967292905486901009e-07 0.000000000000000000e+00 0.000000000000000000e+00 1.534733129799743210e+03
4.369194535005413854e+03 4.607981997683001509e+02 0.000000000000000000e+00 7.340449252357585408e+01 1.398587193049208852e-04 1.555423022648971489e-05 8.321743382204358890e-06 1.422755963898960815e-07 1.438033916423797249e-07 9.924024897334562110e-05 1.734180867187476872e-04 1.983329472142156844e-04 2.225476111132519035e-04 2.736060782415295975e-04 2.820314178994927042e-04 3.688926429552303481e-04 4.470214534701962093e-04 3.987301232632666447e-04 0.000000000000000000e+00 3.983034869579544057e-07 0.000000000000000000e+00 0.000000000000000000e+00 1.534585888668752887e+03
4.375412788677596836e+03 4.613578425987965943e+02 0.000000000000000000e+00 7.232629505412579363e+01 1.389432795285827768e-04 1.553367666844403044e-05 8.319298796681034384e-06 1.422603408710509839e-07 1.437886712042134917e-07 9.924008746482282459e-05 1.734176898742669350e-04 1.983325512813598202e-04 2.225473076819924284e-04 2.736059874036897975e-04 2.818943892024523118e-04 3.688529653774626194e-04 4.470091104891285908e-04 3.987301220933315107e-04 0.000000000000000000e+00 4.020133972252388444e-07 0.000000000000000000e+00 0.000000000000000000e+00 1.534212114786693746e+03
4.381631042349779818e+03 4.619174854292930377e+02 0.000000000000000000e+00 7.130842500056918709e+01 1.385291290401275972e-04 1.552395625549237958e-05 8.317919348251808393e-06 1.422487655247044986e-07 1.437775678727009801e-07 9.924001719800517804e-05 1.734175172107486050e-04 1.983323790240617407e-04 2.225471751647360914e-04 2.736059480196813189e-04 2.818343248492409438e-04 3.688356479515688931e-04 4.470037435596462710e-04 3.987301215903620998e-04 0.000000000000000000e+00 4.036672714539533464e-07 0.000000000000000000e+00 0.000000000000000000e+00 1.534240125929250553e+03
4.387849296021962800e+03 4.624771282597894810e+02 0.000000000000000000e+00 7.022998873140642218e+01 1.376117300266986186e-04 1.550321929330081069e-05 8.315453724855027774e-06 1.422334345012365507e-07 1.437627742551489710e-07 9.923985369082646141e-05 1.734171155865905749e-04 1.983319783740456746e-04 2.225468621261966653e-04 2.736058560396052567e-04 2.816958028503712460e-04 3.687955169873596015e-04 4.469912581896898327e-04 3.987301204054487127e-04 0.000000000000000000e+00 4.072951939386621464e-07 0.000000000000000000e+00 0.000000000000000000e+00 1.533923564226422968e+03
4.394067549694145782e+03 4.630367710902859244e+02 0.000000000000000000e+00 6.921233720361543362e+01 1.371975860401123608e-04 1.549343574942580574e-05 8.314066770661294819e-06 1.422218324753923057e-07 1.437516450802002145e-07 9.923978268637143312e-05 1.734169411685800228e-04 1.983318043888878507e-04 2.225467256331520424e-04 2.736058162336332074e-04 2.816351988181770602e-04 3.687780344361277218e-04 4.469858394126016059e-04 3.987301198969559423e-04 0.000000000000000000e+00 4.089075374005340205e-07 0.000000000000000000e+00 0.000000000000000000e+00 1.533950666133364393e+03
4.400285803366328764e+03 4.635964139207823678e+02 0.000000000000000000e+00 6.813454374103541511e+01 1.362858371267583891e-04 1.547267613741682094e-05 8.311595805632326290e-06 1.422064800205277281e-07 1.437368314558988155e-07 9.923961851809035874e-05 1.734165380606410669e-04 1.983314023124585165e-04 2.225464050196439693e-04 2.736057238649879770e-04 2.814963171342481189e-04 3.687377788117707201e-04 4.469733142343736338e-04 3.987301187068301991e-04 0.000000000000000000e+00 4.124121688950329822e-07 0.000000000000000000e+00 0.000000000000000000e+00 1.533636299895228831e+03
4.406504057038511746e+03 4.641560567512788111e+02 0.000000000000000000e+00 6.711738397892240471e+01 1.358742615931579634e-04 1.546288353501944777e-05 8.310206627569468799e-06 1.421948695378222315e-07 1.437256943601804861e-07 9.923954722814138480e-05 1.734163629989087310e-04 1.983312277082133917e-04 2.225462653367063081e-04 2.736056838919708389e-04 2.814355576741557879e-04 3.687202424865241939e-04 4.469678783364297841e-04 3.987301181961156273e-04 0.000000000000000000e+00 4.139705855127568987e-07 0.000000000000000000e+00 0.000000000000000000e+00 1.533595960007757867e+03
4.412722310710694728e+03 4.647156995817752545e+02 0.000000000000000000e+00 6.604040846942037035e+01 1.349690279692979675e-04 1.544212064686927737e-05 8.307732384776077676e-06 1.421795036207169044e-07 1.437108686489803188e-07 9.923938264040642364e-05 1.734159589113825955e-04 1.983308247007176356e-04 2.225459404582967604e-04 2.736055912763309095e-04 2.812965383223332686e-04 3.686799261253899851e-04 4.469553329539956653e-04 3.987301170026126486e-04 0.000000000000000000e+00 4.173619957400736604e-07 0.000000000000000000e+00 0.000000000000000000e+00 1.532970544999588810e+03
4.418940564382877710e+03 4.652753424122716979e+02 0.000000000000000000e+00 6.502377114189175700e+01 1.345603307047921768e-04 1.543232595589103955e-05 8.306341726760866349e-06 1.421678875665771289e-07 1.436997265089760712e-07 9.923931115338380975e-05 1.734157833875404984e-04 1.983306496555096521e-04 2.225457988880556075e-04 2.736055511879906016e-04 2.812357060573215635e-04 3.686623596649906765e-04 4.469498871295758875e-04 3.987301164903398615e-04 0.000000000000000000e+00 4.188778218738349619e-07 0.000000000000000000e+00 0.000000000000000000e+00 1.532947286745707061e+03
4.425158818055060692e+03 4.658349852427681412e+02 0.000000000000000000e+00 6.394756963436967823e+01 1.336616402897267358e-04 1.541156000939305045e-05 8.303864078803551094e-06 1.421525071337503148e-07 1.436848876748289186e-07 9.923914609164583673e-05 1.734153782365102875e-04 1.983302456376713702e-04 2.225454678913658610e-04 2.736054582900887197e-04 2.810964990463131648e-04 3.686219673646944452e-04 4.469373166936307451e-04 3.987301152929609684e-04 0.000000000000000000e+00 4.222408277352866798e-07 0.000000000000000000e+00 0.000000000000000000e+00 1.532610161874341202e+03
4.431377071727243674e+03 4.663946280732645846e+02 0.000000000000000000e+00 6.293136157116697404e+01 1.332551825756033283e-04 1.540176148861825244e-05 8.302471921519609632e-06 1.421408853018835567e-07 1.436737402107802080e-07 9.923907439341881004e-05 1.734152022452892065e-04 1.983300701449080368e-04 2.225453235034952505e-04 2.736054180763564732e-04 2.810355600619279955e-04 3.686043624305804169e-04 4.469318584525536382e-04 3.987301147790003495e-04 0.000000000000000000e+00 4.237547236886714022e-07 0.000000000000000000e+00 0.000000000000000000e+00 1.532715695471086292e+03
4.437595325399426656e+03 4.669542709037610280e+02 0.000000000000000000e+00 6.193531289922577088e+01 1.330132992734111153e-04 1.539561831810614867e-05 8.301441346257460428e-06 1.421305155610056489e-07 1.436638224875428187e-07 9.923903378059015820e-05 1.734151025542215226e-04 1.983299707441481697e-04 2.225452410727313214e-04 2.736053954034288645e-04 2.810006960857261687e-04 3.685943475994843811e-04 4.469287690675095197e-04 3.987301144925710491e-04 0.000000000000000000e+00 4.246550770389174329e-07 0.000000000000000000e+00 0.000000000000000000e+00 1.532707142570872293e+03
4.438403247793715309e+03 4.670269839192470158e+02 0.000000000000000000e+00 6.179176916958419241e+01 1.328660710685053675e-04 1.539220673116285622e-05 8.301048079386730085e-06 1.421282694713325260e-07 1.436616514744507196e-07 9.923900615559594709e-05 1.734150347700054841e-04 1.983299031610925899e-04 2.225451845283689758e-04 2.736053798430531769e-04 2.809774804379782092e-04 3.685876010783868521e-04 4.469266677493171540e-04 3.987301142916586287e-04 0.000000000000000000e+00 4.252203715258417208e-07 0.000000000000000000e+00 0.000000000000000000e+00 1.532602293760924795e+03
4.439211170188003962e+03 4.670996969347330037e+02 0.000000000000000000e+00 6.166365547257395718e+01 1.328452922151306798e-04 1.539164596878332171e-05 8.300937679368048945e-06 1.421270035571554263e-07 1.436604428311311933e-07 9.923900289962893145e-05 1.734150267776416604e-04 1.983298951926312228e-04 2.225451778458299322e-04 2.736053780374605548e-04 2.809746443576599181e-04 3.685867930109787806e-04 4.469264202654869042e-04 3.987301142692351594e-04 0.000000000000000000e+00 4.252986168632534550e-07 0.000000000000000000e+00 0.000000000000000000e+00 1.532589151900966726e+03
4.441116094915120811e+03 4.672711401601735588e+02 0.000000000000000000e+00 6.136158296632639519e+01 1.327962775868130670e-04 1.539032377434035976e-05 8.300677385142625540e-06 1.421240188483412642e-07 1.436575931489431545e-07 9.923899522330864511e-05 1.734150079348399924e-04 1.983298764059762112e-04 2.225451620894175085e-04 2.736053737805569145e-04 2.809679571207322475e-04 3.685848877279112885e-04 4.469258367475173379e-04 3.987301142163705999e-04 0.000000000000000000e+00 4.254861929718102549e-07 0.000000000000000000e+00 0.000000000000000000e+00 1.532558109350947461e+03
4.460165342186291127e+03 4.689855724145788827e+02 0.000000000000000000e+00 5.798485629445342937e+01 1.293956831229454757e-04 1.530980788276090827e-05 8.291360378151596861e-06 1.420708615909595091e-07 1.436062232069851637e-07 9.923833758899855894e-05 1.734133958644668591e-04 1.983282697651084746e-04 2.225437387837743777e-04 2.736050031130962137e-04 2.804178089694363426e-04 3.684247420577437112e-04 4.468759323179275649e-04 3.987301094258969181e-04 0.000000000000000000e+00 4.383320255693643986e-07 0.000000000000000000e+00 0.000000000000000000e+00 1.531924309028930111e+03
4.479214589457461443e+03 4.707000046689842065e+02 0.000000000000000000e+00 5.461239835551374000e+01 1.260593033979451750e-04 1.522916179898597551e-05 8.281987610171524404e-06 1.420174334773885924e-07 1.435545980186301604e-07 9.923767022395138266e-05 1.734117647776185094e-04 1.983266450704927882e-04 2.225420831659522588e-04 2.736046264974631654e-04 2.798613964401067177e-04 3.682625063987790353e-04 4.468253583021613022e-04 3.987301045532348569e-04 0.000000000000000000e+00 4.471578853600270059e-07 0.000000000000000000e+00 0.000000000000000000e+00 1.534052405928656754e+03
4.556696042792119442e+03 4.776733354691033924e+02 0.000000000000000000e+00 4.100482255801492926e+01 1.135229127119956511e-04 1.490133007953003373e-05 8.243301482235057995e-06 1.417975213450754984e-07 1.433422534026796801e-07 9.923487260047597213e-05 1.734049476430064602e-04 1.983198636692729770e-04 2.225338173861880233e-04 2.736030446968995317e-04 2.775670115168622190e-04 3.675891719579581609e-04 4.466151231213211681e-04 3.987300840325147511e-04 0.000000000000000000e+00 4.816047007068899438e-07 0.000000000000000000e+00 0.000000000000000000e+00 1.530460349330496001e+03
4.634177496126777442e+03 4.846466662692225782e+02 0.000000000000000000e+00 2.750402902627921620e+01 1.019918125042580269e-04 1.457396483563039935e-05 8.204060450845807544e-06 1.415750246140016400e-07 1.431275627238980031e-07 9.923199213351799938e-05 1.733979468769119680e-04 1.983129081198109251e-04 2.225238707613133658e-04 2.736014130049529893e-04 2.752432887852364948e-04 3.669026179990376915e-04 4.464003748169423575e-04 3.987300628053239561e-04 0.000000000000000000e+00 5.126392145166033009e-07 0.000000000000000000e+00 0.000000000000000000e+00 1.526753723387880882e+03
