0.000000000000000000e+00 1.000000000000000000e+03 1.261360967980494803e-02 8.002290461944387971e+03
3.432259064882501936e-04 9.999999559179841526e+02 1.261360967980494803e-02 8.002274965715060716e+03
1.216267345487090923e+00 9.998439609160649297e+02 1.261360967980494803e-02 7.951582069566242353e+03
4.608771235451199821e+00 9.994095157089168424e+02 1.261360967980494803e-02 7.828773879314079750e+03
8.001275125415308054e+00 9.989760822438029209e+02 1.261360967980494803e-02 7.728922384425576638e+03
1.139377901537941717e+01 9.985435100939575932e+02 1.261360967980494803e-02 7.648021632872909322e+03
1.478628290534352629e+01 9.981117155009555972e+02 1.261360967980494803e-02 7.583708349254755376e+03
2.026154888831067424e+01 9.974161308373339807e+02 1.261360967980494803e-02 7.506718704343061290e+03
3.026154888831067424e+01 9.961487596752691616e+02 1.261360967980494803e-02 7.427057925586803321e+03
4.026154888831067069e+01 9.948837028408740935e+02 1.261360967980494803e-02 7.393896436745279061e+03
5.026154888831067069e+01 9.936194049767444767e+02 1.261360967980494803e-02 7.376683297624501392e+03
6.026154888831067069e+01 9.923557003156026894e+02 1.261360967980494803e-02 7.346163057924168243e+03
7.026154888831067069e+01 9.910922012072129519e+02 1.261360967980494803e-02 7.346233137824167898e+03
8.026154888831067069e+01 9.898286891461342520e+02 1.261360967980494803e-02 7.346251046493007379e+03
9.026154888831067069e+01 9.885650977609049050e+02 1.261360967980494803e-02 7.346328679824819119e+03
1.002615488883106707e+02 9.873014245523108912e+02 1.261360967980494803e-02 7.346406318183746407e+03
1.102615488883106707e+02 9.860376823334455594e+02 1.261360967980494803e-02 7.346483960782569739e+03
1.202615488883106707e+02 9.847738759385601952e+02 1.261360967980494803e-02 7.346561607324280885e+03
1.302615488883106707e+02 9.835100075320949600e+02 1.261360967980494803e-02 7.346643271614541845e+03
1.402615488883106707e+02 9.822460496846189244e+02 1.261360967980494803e-02 7.346737136954388916e+03
1.502615488883106707e+02 9.809820290795657911e+02 1.261360967980494803e-02 7.346783879584089846e+03
1.602615488883106707e+02 9.797179410557757819e+02 1.261360967980494803e-02 7.346787255233862197e+03
1.702615488883106707e+02 9.784537868504306743e+02 1.261360967980494803e-02 7.346803071173746503e+03
1.802615488883106707e+02 9.771895674724859191e+02 1.261360967980494803e-02 7.346832039720068678e+03
1.902615488883106707e+02 9.759252846825521601e+02 1.261360967980494803e-02 7.346877328276881599e+03
2.002615488883106707e+02 9.746609436846835024e+02 1.261360967980494803e-02 7.346978725568556911e+03
2.102615488883106707e+02 9.733965442053969355e+02 1.261360967980494803e-02 7.347091917216811453e+03
2.202615488883106707e+02 9.721321052134020420e+02 1.261360967980494803e-02 7.347181926950608613e+03
2.302615488883106707e+02 9.708676179492841811e+02 1.261360967980494803e-02 7.347362445149574341e+03
2.402615488883106707e+02 9.696030795052256508e+02 1.261360967980494803e-02 7.347542970654991223e+03
2.502615488883106707e+02 9.683384537220222228e+02 1.261360967980494803e-02 7.347601025263622432e+03
2.602615488883106991e+02 9.670737706319234803e+02 1.261360967980494803e-02 7.347716377691778689e+03
2.702615488883106991e+02 9.658090315897954952e+02 1.261360967980494803e-02 7.347852540608599156e+03
2.802615488883106991e+02 9.645442363213574026e+02 1.261360967980494803e-02 7.347980587920659673e+03
2.902615488883106991e+02 9.632794015853412475e+02 1.261360967980494803e-02 7.348085066382122022e+03
3.002615488883106991e+02 9.620145142355419239e+02 1.261360967980494803e-02 7.348189549189611171e+03
3.102615488883106991e+02 9.607495699002504352e+02 1.261360967980494803e-02 7.348294036704243808e+03
3.202615488883106991e+02 9.594845360384763353e+02 1.261360967980494803e-02 7.348354758935032805e+03
3.302615488883106991e+02 9.582194423306193585e+02 1.261360967980494803e-02 7.348427238568151552e+03
3.402615488883106991e+02 9.569542903582846520e+02 1.261360967980494803e-02 7.348540142494451175e+03
3.502615488883106991e+02 9.556890809310427812e+02 1.261360967980494803e-02 7.348653999921711147e+03
3.602615488883106991e+02 9.544238210426753994e+02 1.261360967980494803e-02 7.348858772168307951e+03
3.702615488883106991e+02 9.531585112883047941e+02 1.261360967980494803e-02 7.349051678334167264e+03
3.802615488883106991e+02 9.518931677928733279e+02 1.261360967980494803e-02 7.349265162597636845e+03
3.902615488883106991e+02 9.506277709633551467e+02 1.261360967980494803e-02 7.349309181370273109e+03
4.002615488883106991e+02 9.493623142853712125e+02 1.261360967980494803e-02 7.349360860077283178e+03
4.102615488883106991e+02 9.480967634849250771e+02 1.261360967980494803e-02 7.349398811083112378e+03
4.202615488883106991e+02 9.468311512898725368e+02 1.261360967980494803e-02 7.349459600400120507e+03
4.302615488883106991e+02 9.455654775488900441e+02 1.261360967980494803e-02 7.349532628064330311e+03
4.402615488883106991e+02 9.442997422753858245e+02 1.261360967980494803e-02 7.349605659278883650e+03
4.502615488883106991e+02 9.430339645285555434e+02 1.261360967980494803e-02 7.349639306442017187e+03
4.602615488883106991e+02 9.417681334234134738e+02 1.261360967980494803e-02 7.349715834760534563e+03
4.702615488883106991e+02 9.405022469410588428e+02 1.261360967980494803e-02 7.349852383366216600e+03
4.802615488883106991e+02 9.392362762461876855e+02 1.261360967980494803e-02 7.349988204153122751e+03
4.902615488883106991e+02 9.379702466961578011e+02 1.261360967980494803e-02 7.350092162616955648e+03
5.002615488883106991e+02 9.367041614940962972e+02 1.261360967980494803e-02 7.350209730916104490e+03
5.102615488883106991e+02 9.354380176709672696e+02 1.261360967980494803e-02 7.350315834297682159e+03
5.202615488883106991e+02 9.341718152411211804e+02 1.261360967980494803e-02 7.350421942590524850e+03
5.302615488883106991e+02 9.329055516028483908e+02 1.261360967980494803e-02 7.350490523720479359e+03
5.402615488883106991e+02 9.316392387601987366e+02 1.261360967980494803e-02 7.350692629551146638e+03
5.502615488883106991e+02 9.303728751420452454e+02 1.261360967980494803e-02 7.350886498730341373e+03
5.602615488883106991e+02 9.291064589249406254e+02 1.261360967980494803e-02 7.351045450554941453e+03
5.702615488883106991e+02 9.278399988001517613e+02 1.261360967980494803e-02 7.351320027778380791e+03
5.802615488883106991e+02 9.265734879529005639e+02 1.261360967980494803e-02 7.351506324954638330e+03
5.902615488883106991e+02 9.253069249777372534e+02 1.261360967980494803e-02 7.351679848922428391e+03
6.002615488883106991e+02 9.240403069669949900e+02 1.261360967980494803e-02 7.351817163624339628e+03
6.102615488883106991e+02 9.227736403732743611e+02 1.261360967980494803e-02 7.352027801837642983e+03
6.202615488883106991e+02 9.215069257836290717e+02 1.261360967980494803e-02 7.352257245967146446e+03
6.302615488883106991e+02 9.202401551536773923e+02 1.261360967980494803e-02 7.352392769153514564e+03
6.402615488883106991e+02 9.189733242617375026e+02 1.261360967980494803e-02 7.352472001478437960e+03
6.502615488883106991e+02 9.177064398252377941e+02 1.261360967980494803e-02 7.352627380660401286e+03
6.602615488883106991e+02 9.164395009629879496e+02 1.261360967980494803e-02 7.352775265020367442e+03
6.702615488883106991e+02 9.151725035528429544e+02 1.261360967980494803e-02 7.352857576861280904e+03
6.802615488883106991e+02 9.139054548129718114e+02 1.261360967980494803e-02 7.353049864740856719e+03
6.902615488883106991e+02 9.126383500996882958e+02 1.261360967980494803e-02 7.353187749780273407e+03
7.002615488883106991e+02 9.113711811546011177e+02 1.261360967980494803e-02 7.353218326045241156e+03
7.102615488883106991e+02 9.101039496575740486e+02 1.261360967980494803e-02 7.353267640556557126e+03
7.202615488883106991e+02 9.088366566780376843e+02 1.261360967980494803e-02 7.353330373266830065e+03
7.302615488883106991e+02 9.075693045760402811e+02 1.261360967980494803e-02 7.353422364508687679e+03
7.402615488883106991e+02 9.063018954652609409e+02 1.261360967980494803e-02 7.353537646175599548e+03
7.502615488883106991e+02 9.050344260153526648e+02 1.261360967980494803e-02 7.353610595816179739e+03
7.602615488883106991e+02 9.037669025164972254e+02 1.261360967980494803e-02 7.353750462759116090e+03
7.702615488883106991e+02 9.024993374760020970e+02 1.261360967980494803e-02 7.354042366671975287e+03
7.802615488883106991e+02 9.012317363372694672e+02 1.261360967980494803e-02 7.354367051603720938e+03
7.902615488883106991e+02 8.999640911280891942e+02 1.261360967980494803e-02 7.354659820059812773e+03
8.002615488883106991e+02 8.986963927126149656e+02 1.261360967980494803e-02 7.354822262627076270e+03
8.102615488883106991e+02 8.974286386516805578e+02 1.261360967980494803e-02 7.354944530932745693e+03
8.202615488883106991e+02 8.961608271652143003e+02 1.261360967980494803e-02 7.355063871138476316e+03
8.302615488883106991e+02 8.948929568644371102e+02 1.261360967980494803e-02 7.355158170113154483e+03
8.402615488883106991e+02 8.936250256115313277e+02 1.261360967980494803e-02 7.355219818959975782e+03
8.502615488883106991e+02 8.923570358991804596e+02 1.261360967980494803e-02 7.355312098288327434e+03
8.602615488883106991e+02 8.910889961002014843e+02 1.261360967980494803e-02 7.355508328750594956e+03
8.702615488883106991e+02 8.898208998472643998e+02 1.261360967980494803e-02 7.355627340040702620e+03
8.802615488883106991e+02 8.885527444204871017e+02 1.261360967980494803e-02 7.355714506594213162e+03
8.902615488883106991e+02 8.872845360137766875e+02 1.261360967980494803e-02 7.355877504438633878e+03
9.002615488883106991e+02 8.860162778783809472e+02 1.261360967980494803e-02 7.356088300367036936e+03
9.102615488883106991e+02 8.847479597393639779e+02 1.261360967980494803e-02 7.356141265073820250e+03
9.202615488883106991e+02 8.834795852107672545e+02 1.261360967980494803e-02 7.356264431505100220e+03
9.302615488883106991e+02 8.822111543074541942e+02 1.261360967980494803e-02 7.356387603410686097e+03
9.402615488883106991e+02 8.809426858307953125e+02 1.261360967980494803e-02 7.356510778964859128e+03
9.502615488883106991e+02 8.796741658905457371e+02 1.261360967980494803e-02 7.356604802319126975e+03
9.602615488883106991e+02 8.784055914532065117e+02 1.261360967980494803e-02 7.356705190739946374e+03
9.702615488883106991e+02 8.771369352833462472e+02 1.261360967980494803e-02 7.356853248598697064e+03
9.802615488883106991e+02 8.758682234161849465e+02 1.261360967980494803e-02 7.356981308207730763e+03
9.902615488883106991e+02 8.745994614639664633e+02 1.261360967980494803e-02 7.357169997232014794e+03
1.000261548888310699e+03 8.733306408394905702e+02 1.261360967980494803e-02 7.357263867673575078e+03
1.010261548888310699e+03 8.720617638702867680e+02 1.261360967980494803e-02 7.357384518966354335e+03
1.020261548888310699e+03 8.707928317300871868e+02 1.261360967980494803e-02 7.357510469115414708e+03
1.030261548888310699e+03 8.695238461093281330e+02 1.261360967980494803e-02 7.357663391899700400e+03
1.040261548888310699e+03 8.682548058778224913e+02 1.261360967980494803e-02 7.357813101051042395e+03
1.050261548888310699e+03 8.669857137367979476e+02 1.261360967980494803e-02 7.357959496800567649e+03
1.060261548888310699e+03 8.657165808415567199e+02 1.261360967980494803e-02 7.358254179332075182e+03
1.070261548888310699e+03 8.644474025367289869e+02 1.261360967980494803e-02 7.358506810164633862e+03
1.080261548888310699e+03 8.631781701501222415e+02 1.261360967980494803e-02 7.358647707858893227e+03
1.090261548888310699e+03 8.619088822146975417e+02 1.261360967980494803e-02 7.358775382831781826e+03
1.100261548888310699e+03 8.606395394747078171e+02 1.261360967980494803e-02 7.358904032157758593e+03
1.110261548888310699e+03 8.593701627134673799e+02 1.261360967980494803e-02 7.359093758716683624e+03
1.120261548888310699e+03 8.581007378840272395e+02 1.261360967980494803e-02 7.359231477553965306e+03
1.130261548888310699e+03 8.568312563612931854e+02 1.261360967980494803e-02 7.359293563095220634e+03
1.140261548888310699e+03 8.555616888622334955e+02 1.261360967980494803e-02 7.359382369467598437e+03
1.150261548888310699e+03 8.542920658789538493e+02 1.261360967980494803e-02 7.359517162321526484e+03
1.160261548888310699e+03 8.530223903026874268e+02 1.261360967980494803e-02 7.359669563599108187e+03
1.170261548888310699e+03 8.517526589271910780e+02 1.261360967980494803e-02 7.359798368177923294e+03
1.180261548888310699e+03 8.504828772015297318e+02 1.261360967980494803e-02 7.359945425407774565e+03
1.190261548888310699e+03 8.492130441269023322e+02 1.261360967980494803e-02 7.360133426111805420e+03
1.200261548888310699e+03 8.479431597201698878e+02 1.261360967980494803e-02 7.360321434415632211e+03
1.210261548888310699e+03 8.466732238542449522e+02 1.261360967980494803e-02 7.360507558810398223e+03
1.220261548888310699e+03 8.454032450449082035e+02 1.261360967980494803e-02 7.360525585038005374e+03
1.230261548888310699e+03 8.441332109601154343e+02 1.261360967980494803e-02 7.360575893859232565e+03
1.240261548888310699e+03 8.428631170518299314e+02 1.261360967980494803e-02 7.360629216859016196e+03
1.250261548888310699e+03 8.415929333613929657e+02 1.261360967980494803e-02 7.360695616251404317e+03
1.260261548888310699e+03 8.403226894626119474e+02 1.261360967980494803e-02 7.360761226636074753e+03
1.270261548888310699e+03 8.390524134514021171e+02 1.261360967980494803e-02 7.360943347381396052e+03
1.280261548888310699e+03 8.377820996190407641e+02 1.261360967980494803e-02 7.361243930193792039e+03
1.290261548888310699e+03 8.365117439887141018e+02 1.261360967980494803e-02 7.361517868617110253e+03
1.300261548888310699e+03 8.352413214112358446e+02 1.261360967980494803e-02 7.361748173092287288e+03
1.310261548888310699e+03 8.339708463555152775e+02 1.261360967980494803e-02 7.361911047198101187e+03
1.320261548888310699e+03 8.327003159173990525e+02 1.261360967980494803e-02 7.362032846235596480e+03
1.330261548888310699e+03 8.314297391905392942e+02 1.261360967980494803e-02 7.362235041609842483e+03
1.340261548888310699e+03 8.301591103122368622e+02 1.261360967980494803e-02 7.362412335617972531e+03
1.350261548888310699e+03 8.288884292988257130e+02 1.261360967980494803e-02 7.362589636900645019e+03
1.360261548888310699e+03 8.276177106424488557e+02 1.261360967980494803e-02 7.362709087093778180e+03
1.370261548888310699e+03 8.263469382092756632e+02 1.261360967980494803e-02 7.362757853510091991e+03
1.380261548888310699e+03 8.250761124315293955e+02 1.261360967980494803e-02 7.362886453774147412e+03
1.390261548888310699e+03 8.238052423622494871e+02 1.261360967980494803e-02 7.363171605272126726e+03
1.400261548888310699e+03 8.225343273075834531e+02 1.261360967980494803e-02 7.363417403337617543e+03
1.410261548888310699e+03 8.212633649123893065e+02 1.261360967980494803e-02 7.363638849685202331e+03
1.420261548888310699e+03 8.199923563073808737e+02 1.261360967980494803e-02 7.363853738749027798e+03
1.430261548888310699e+03 8.187212759766952104e+02 1.261360967980494803e-02 7.364056475722971300e+03
1.440261548888310699e+03 8.174501547952168039e+02 1.261360967980494803e-02 7.364369952957379610e+03
1.450261548888310699e+03 8.161789776177906788e+02 1.261360967980494803e-02 7.364484439180447225e+03
1.460261548888310699e+03 8.149077459461393573e+02 1.261360967980494803e-02 7.364606437387259575e+03
1.470261548888310699e+03 8.136364648528834778e+02 1.261360967980494803e-02 7.364798214649923466e+03
1.480261548888310699e+03 8.123651310733008586e+02 1.261360967980494803e-02 7.364927927465098037e+03
1.490261548888310699e+03 8.110937545913708391e+02 1.261360967980494803e-02 7.365203504382822757e+03
1.500261548888310699e+03 8.098223343631641455e+02 1.261360967980494803e-02 7.365478961256108050e+03
1.510261548888310699e+03 8.085508565529602265e+02 1.261360967980494803e-02 7.365580928230769132e+03
1.520261548888310699e+03 8.072793179184924384e+02 1.261360967980494803e-02 7.365641615729444311e+03
1.530261548888310699e+03 8.060077161177406424e+02 1.261360967980494803e-02 7.365672516068186269e+03
1.540261548888310699e+03 8.047360566327736251e+02 1.261360967980494803e-02 7.365760138915467905e+03
1.550261548888310699e+03 8.034643421808467565e+02 1.261360967980494803e-02 7.365883852236715938e+03
1.560261548888310699e+03 8.021925714667472676e+02 1.261360967980494803e-02 7.365998403349622095e+03
1.570261548888310699e+03 8.009207403238426650e+02 1.261360967980494803e-02 7.366060912533886039e+03
1.580261548888310699e+03 7.996488515494970670e+02 1.261360967980494803e-02 7.366145852226678471e+03
1.590261548888310699e+03 7.983769093260859790e+02 1.261360967980494803e-02 7.366290826678466146e+03
1.600261548888310699e+03 7.971049137640638946e+02 1.261360967980494803e-02 7.366434984535471813e+03
1.610261548888310699e+03 7.958328906719647193e+02 1.261360967980494803e-02 7.366692380281180704e+03
1.620261548888310699e+03 7.945608308302114438e+02 1.261360967980494803e-02 7.366990710567527458e+03
1.630261548888310699e+03 7.932887301084281262e+02 1.261360967980494803e-02 7.367243619072121874e+03
1.640261548888310699e+03 7.920165594273232728e+02 1.261360967980494803e-02 7.367439404228107378e+03
1.650261548888310699e+03 7.907443314326036443e+02 1.261360967980494803e-02 7.367545282202097951e+03
1.660261548888310699e+03 7.894720458740625872e+02 1.261360967980494803e-02 7.367647622949170000e+03
1.670261548888310699e+03 7.881997121854388979e+02 1.261360967980494803e-02 7.367801826729266395e+03
1.680261548888310699e+03 7.869273403932819519e+02 1.261360967980494803e-02 7.368149724776339099e+03
1.690261548888310699e+03 7.856549210124361480e+02 1.261360967980494803e-02 7.368370367837605045e+03
1.700261548888310699e+03 7.843824514949169497e+02 1.261360967980494803e-02 7.368546853996938808e+03
1.710261548888310699e+03 7.831099387925918336e+02 1.261360967980494803e-02 7.368794781490029891e+03
1.720261548888310699e+03 7.818373813711936009e+02 1.261360967980494803e-02 7.369044859781909508e+03
1.730261548888310699e+03 7.805647785833490389e+02 1.261360967980494803e-02 7.369277932402261285e+03
1.740261548888310699e+03 7.792921185361034304e+02 1.261360967980494803e-02 7.369375390820589928e+03
1.750261548888310699e+03 7.780194044055048153e+02 1.261360967980494803e-02 7.369508043220099353e+03
1.760261548888310699e+03 7.767466373209850872e+02 1.261360967980494803e-02 7.369663761862621868e+03
1.770261548888310699e+03 7.754738132383598668e+02 1.261360967980494803e-02 7.369754016864258119e+03
1.780261548888310699e+03 7.742009371256701797e+02 1.261360967980494803e-02 7.369896370802101046e+03
1.790261548888310699e+03 7.729280105386354762e+02 1.261360967980494803e-02 7.370077645313866014e+03
1.800261548888310699e+03 7.716550324766948279e+02 1.261360967980494803e-02 7.370246468897082195e+03
1.810261548888310699e+03 7.703820020352204665e+02 1.261360967980494803e-02 7.370397755912150387e+03
1.820261548888310699e+03 7.691089216974357896e+02 1.261360967980494803e-02 7.370564428786993631e+03
1.830261548888310699e+03 7.678357839679836161e+02 1.261360967980494803e-02 7.370661710273986500e+03
1.840261548888310699e+03 7.665625991844465261e+02 1.261360967980494803e-02 7.370852090077420144e+03
1.850261548888310699e+03 7.652893616199196458e+02 1.261360967980494803e-02 7.371009665897841842e+03
1.860261548888310699e+03 7.640160721348933066e+02 1.261360967980494803e-02 7.371167478344208575e+03
1.870261548888310699e+03 7.627427292753679922e+02 1.261360967980494803e-02 7.371311948383629897e+03
1.880261548888310699e+03 7.614693286727950863e+02 1.261360967980494803e-02 7.371397610404345869e+03
1.890261548888310699e+03 7.601958737758353664e+02 1.261360967980494803e-02 7.371517223101578566e+03
1.900261548888310699e+03 7.589223687448909459e+02 1.261360967980494803e-02 7.371685556148616342e+03
1.910261548888310699e+03 7.576488149137248911e+02 1.261360967980494803e-02 7.371878912531758033e+03
1.920261548888310699e+03 7.563752357792146768e+02 1.261360967980494803e-02 7.372357689081543867e+03
1.930261548888310699e+03 7.551016151823289420e+02 1.261360967980494803e-02 7.372603150529343111e+03
1.940261548888310699e+03 7.538279512806849425e+02 1.261360967980494803e-02 7.372857564114330671e+03
1.950261548888310699e+03 7.525542408873811837e+02 1.261360967980494803e-02 7.373096275695054828e+03
1.960261548888310699e+03 7.512804779707521448e+02 1.261360967980494803e-02 7.373254120837074879e+03
1.970261548888310699e+03 7.500066514772396431e+02 1.261360967980494803e-02 7.373275161347459289e+03
1.980261548888310699e+03 7.487327621057983151e+02 1.261360967980494803e-02 7.373303896847291981e+03
1.990261548888310699e+03 7.474588123910592685e+02 1.261360967980494803e-02 7.373360811820312847e+03
2.000261548888310699e+03 7.461848019292031040e+02 1.261360967980494803e-02 7.373402557625044210e+03
2.010261548888310699e+03 7.449107359054654580e+02 1.261360967980494803e-02 7.373513028064832724e+03
2.020261548888310699e+03 7.436366143877520472e+02 1.261360967980494803e-02 7.373631619749816309e+03
2.030261548888310699e+03 7.423624444648971803e+02 1.261360967980494803e-02 7.373796358863479327e+03
2.040261548888310699e+03 7.410882345273616920e+02 1.261360967980494803e-02 7.374086070350818773e+03
2.050261548888310699e+03 7.398139808904654728e+02 1.261360967980494803e-02 7.374349120584861339e+03
2.060261548888310699e+03 7.385396791651415924e+02 1.261360967980494803e-02 7.374545237133453156e+03
2.070261548888310699e+03 7.372653347076387718e+02 1.261360967980494803e-02 7.374793197627024711e+03
2.080261548888310699e+03 7.359909456089606010e+02 1.261360967980494803e-02 7.375043007757587475e+03
2.090261548888310699e+03 7.347165123114593825e+02 1.261360967980494803e-02 7.375286135049341283e+03
2.100261548888310699e+03 7.334420493625857489e+02 1.261360967980494803e-02 7.375529766054591164e+03
2.110261548888310699e+03 7.321675451875754561e+02 1.261360967980494803e-02 7.375719668137926419e+03
2.120261548888310699e+03 7.308930062468510869e+02 1.261360967980494803e-02 7.376100715044525714e+03
2.130261548888310699e+03 7.296184106046193847e+02 1.261360967980494803e-02 7.376408767348856600e+03
2.140261548888310699e+03 7.283437695078547449e+02 1.261360967980494803e-02 7.376642482675258179e+03
2.150261548888310699e+03 7.270690733369458485e+02 1.261360967980494803e-02 7.376768134249187824e+03
2.160261548888310699e+03 7.257943235576650522e+02 1.261360967980494803e-02 7.376891657553389450e+03
2.170261548888310699e+03 7.245195298569195756e+02 1.261360967980494803e-02 7.377135821589217812e+03
2.180261548888310699e+03 7.232446903855226310e+02 1.261360967980494803e-02 7.377359649523452390e+03
2.190261548888310699e+03 7.219698073235807669e+02 1.261360967980494803e-02 7.377587544316591448e+03
2.200261548888310699e+03 7.206948797350719360e+02 1.261360967980494803e-02 7.377833089878674400e+03
2.210261548888310699e+03 7.194199029595421280e+02 1.261360967980494803e-02 7.378007680516820074e+03
2.220261548888310699e+03 7.181448994286349716e+02 1.261360967980494803e-02 7.378459764730806455e+03
2.230261548888310699e+03 7.168698652505293012e+02 1.261360967980494803e-02 7.378856196948761863e+03
2.240261548888310699e+03 7.155947918147908240e+02 1.261360967980494803e-02 7.379166487931001939e+03
2.250261548888310699e+03 7.143196682079835682e+02 1.261360967980494803e-02 7.379307231643568230e+03
2.260261548888310699e+03 7.130445031507140357e+02 1.261360967980494803e-02 7.379585581030005415e+03
2.270261548888310699e+03 7.117692954929921143e+02 1.261360967980494803e-02 7.379849400134608004e+03
2.280261548888310699e+03 7.104940452522409942e+02 1.261360967980494803e-02 7.380113228048923702e+03
2.290261548888310699e+03 7.092187768582056151e+02 1.261360967980494803e-02 7.380530074540643909e+03
2.300261548888310699e+03 7.079434899626851347e+02 1.261360967980494803e-02 7.381005278285280838e+03
2.310261548888310699e+03 7.066681915019125881e+02 1.261360967980494803e-02 7.381723952674110478e+03
2.320261548888310699e+03 7.053928414464980960e+02 1.261360967980494803e-02 7.381951582364134993e+03
2.330261548888310699e+03 7.041174394447184568e+02 1.261360967980494803e-02 7.382086018715968748e+03
2.340261548888310699e+03 7.028419992031789434e+02 1.261360967980494803e-02 7.382395505187325398e+03
2.350261548888310699e+03 7.015665166266097685e+02 1.261360967980494803e-02 7.382675352098496660e+03
2.360261548888310699e+03 7.002909859232108829e+02 1.261360967980494803e-02 7.382859007453972481e+03
2.370261548888310699e+03 6.990154066520944980e+02 1.261360967980494803e-02 7.383051486403522176e+03
2.380261548888310699e+03 6.977397947726096845e+02 1.261360967980494803e-02 7.383238558802160696e+03
2.390261548888310699e+03 6.964641375859280288e+02 1.261360967980494803e-02 7.383375388633396142e+03
2.400261548888310699e+03 6.951884363052707840e+02 1.261360967980494803e-02 7.383616581187447991e+03
2.410261548888310699e+03 6.939126689939398602e+02 1.261360967980494803e-02 7.383865389916323693e+03
2.420261548888310699e+03 6.926368496544801019e+02 1.261360967980494803e-02 7.384011432906150731e+03
2.430261548888310699e+03 6.913609846902246545e+02 1.261360967980494803e-02 7.384222736881443780e+03
2.440261548888310699e+03 6.900850722918928568e+02 1.261360967980494803e-02 7.384431656339434994e+03
2.450261548888310699e+03 6.888091104844256733e+02 1.261360967980494803e-02 7.384613600633212627e+03
2.460261548888310699e+03 6.875330979956091824e+02 1.261360967980494803e-02 7.384768639598038135e+03
2.470261548888310699e+03 6.862570622974460548e+02 1.261360967980494803e-02 7.385198940910878264e+03
2.480261548888310699e+03 6.849809918689813912e+02 1.261360967980494803e-02 7.385567622203594510e+03
2.490261548888310699e+03 6.837048844755802293e+02 1.261360967980494803e-02 7.385910682019392880e+03
2.500261548888310699e+03 6.824287242173019195e+02 1.261360967980494803e-02 7.386048894425111030e+03
2.510261548888310699e+03 6.811525145427938241e+02 1.261360967980494803e-02 7.386215589390250898e+03
2.520261548888310699e+03 6.798762562195051942e+02 1.261360967980494803e-02 7.386401451081187588e+03
2.530261548888310699e+03 6.785999533196406901e+02 1.261360967980494803e-02 7.386614333675785929e+03
2.540261548888310699e+03 6.773236271891715887e+02 1.261360967980494803e-02 7.387083330181279962e+03
2.550261548888310699e+03 6.760472690382846395e+02 1.261360967980494803e-02 7.387478099187200314e+03
2.560261548888310699e+03 6.747708716823565283e+02 1.261360967980494803e-02 7.387789165615043203e+03
2.570261548888310699e+03 6.734944331712108578e+02 1.261360967980494803e-02 7.388022724270022081e+03
2.580261548888310699e+03 6.722179618946332766e+02 1.261360967980494803e-02 7.388414356802314614e+03
2.590261548888310699e+03 6.709414437308541892e+02 1.261360967980494803e-02 7.388630036524265961e+03
2.600261548888310699e+03 6.696648751423999784e+02 1.261360967980494803e-02 7.388785400002834649e+03
2.610261548888310699e+03 6.683882567226097535e+02 1.261360967980494803e-02 7.388946437443860304e+03
2.620261548888310699e+03 6.671115930607556948e+02 1.261360967980494803e-02 7.389173613843962812e+03
2.630261548888310699e+03 6.658348932451522160e+02 1.261360967980494803e-02 7.389469283408974661e+03
2.640261548888310699e+03 6.645581900370922313e+02 1.261360967980494803e-02 7.390180595172937501e+03
2.650261548888310699e+03 6.632814465154044683e+02 1.261360967980494803e-02 7.390476955453898881e+03
2.660261548888310699e+03 6.620046649896901272e+02 1.261360967980494803e-02 7.390779285041652656e+03
2.670261548888310699e+03 6.607278598866596440e+02 1.261360967980494803e-02 7.391268585336960314e+03
2.680261548888310699e+03 6.594510094094105170e+02 1.261360967980494803e-02 7.391501522527980342e+03
2.690261548888310699e+03 6.581741229479307549e+02 1.261360967980494803e-02 7.391809371880632170e+03
2.700261548888310699e+03 6.568972109768078553e+02 1.261360967980494803e-02 7.392236165548705685e+03
2.710261548888310699e+03 6.556202797489436307e+02 1.261360967980494803e-02 7.392767843427412117e+03
2.720261548888310699e+03 6.543433026921762803e+02 1.261360967980494803e-02 7.392998249430886062e+03
2.730261548888310699e+03 6.530662802423189532e+02 1.261360967980494803e-02 7.393224629498196009e+03
2.740261548888310699e+03 6.517892127720781446e+02 1.261360967980494803e-02 7.393457881572498991e+03
2.750261548888310699e+03 6.505121142053110361e+02 1.261360967980494803e-02 7.393658139021835268e+03
2.760261548888310699e+03 6.492349710284532875e+02 1.261360967980494803e-02 7.393808734991735946e+03
2.770261548888310699e+03 6.479577776405757277e+02 1.261360967980494803e-02 7.393930644829943958e+03
2.780261548888310699e+03 6.466805271147579788e+02 1.261360967980494803e-02 7.394281368674370242e+03
2.790261548888310699e+03 6.454032399410745029e+02 1.261360967980494803e-02 7.394615645839689023e+03
2.800261548888310699e+03 6.441259129696934451e+02 1.261360967980494803e-02 7.394912457179770172e+03
2.810261548888310699e+03 6.428485572128516878e+02 1.261360967980494803e-02 7.395310020417236956e+03
2.820261548888310699e+03 6.415711746850653299e+02 1.261360967980494803e-02 7.395759328516207461e+03
2.830261548888310699e+03 6.402937642556987612e+02 1.261360967980494803e-02 7.396158133994335003e+03
2.840261548888310699e+03 6.390163381501397453e+02 1.261360967980494803e-02 7.396745589526528420e+03
2.850261548888310699e+03 6.377388724467688235e+02 1.261360967980494803e-02 7.397029771988134598e+03
2.860261548888310699e+03 6.364613722072572273e+02 1.261360967980494803e-02 7.397389760546441721e+03
2.870261548888310699e+03 6.351838394474814322e+02 1.261360967980494803e-02 7.397773494273609685e+03
2.880261548888310699e+03 6.339062606056555751e+02 1.261360967980494803e-02 7.397958615075917805e+03
2.890261548888310699e+03 6.326286369045102447e+02 1.261360967980494803e-02 7.398194955722020495e+03
2.900261548888310699e+03 6.313509698821297889e+02 1.261360967980494803e-02 7.398426360578405365e+03
2.910261548888310699e+03 6.300732765666442674e+02 1.261360967980494803e-02 7.398817720470031418e+03
2.920261548888310699e+03 6.287955514765798171e+02 1.261360967980494803e-02 7.399207366711149007e+03
2.930261548888310699e+03 6.275177761708126809e+02 1.261360967980494803e-02 7.399378662007954517e+03
2.940261548888310699e+03 6.262399590511397491e+02 1.261360967980494803e-02 7.399619725895896408e+03
2.950261548888310699e+03 6.249621201429505390e+02 1.261360967980494803e-02 7.400128144258266730e+03
2.960261548888310699e+03 6.236842479788135734e+02 1.261360967980494803e-02 7.400509663040966188e+03
2.970261548888310699e+03 6.224063289420658975e+02 1.261360967980494803e-02 7.400705727452274914e+03
2.980261548888310699e+03 6.211283767380646168e+02 1.261360967980494803e-02 7.401052785529526773e+03
2.990261548888310699e+03 6.198503910228112090e+02 1.261360967980494803e-02 7.401418466055687531e+03
3.000261548888310699e+03 6.185723779734278196e+02 1.261360967980494803e-02 7.401693947923125961e+03
3.010261548888310699e+03 6.172943267817097421e+02 1.261360967980494803e-02 7.401920899369369181e+03
3.020261548888310699e+03 6.160162379770528105e+02 1.261360967980494803e-02 7.402226097408237365e+03
3.030261548888310699e+03 6.147381152013414294e+02 1.261360967980494803e-02 7.402589258024557239e+03
3.040261548888310699e+03 6.134599525921418035e+02 1.261360967980494803e-02 7.402833803823479684e+03
3.050261548888310699e+03 6.121817206701881560e+02 1.261360967980494803e-02 7.403012268582033357e+03
3.060261548888310699e+03 6.109034478261734193e+02 1.261360967980494803e-02 7.403288819483645057e+03
3.070261548888310699e+03 6.096251511322235501e+02 1.261360967980494803e-02 7.403754761137485730e+03
3.080261548888310699e+03 6.083468332419827220e+02 1.261360967980494803e-02 7.404263265580490042e+03
3.090261548888310699e+03 6.070684864224142530e+02 1.261360967980494803e-02 7.404683122383091359e+03
3.100261548888310699e+03 6.057900963416600462e+02 1.261360967980494803e-02 7.404932314074719216e+03
3.110261548888310699e+03 6.045116603191166860e+02 1.261360967980494803e-02 7.405127791107403937e+03
3.120261548888310699e+03 6.032331869879018313e+02 1.261360967980494803e-02 7.405400149900318866e+03
3.130261548888310699e+03 6.019547173236234130e+02 1.261360967980494803e-02 7.406182454877787677e+03
3.140261548888310699e+03 6.006762293897180598e+02 1.261360967980494803e-02 7.406731600260731284e+03
3.150261548888310699e+03 5.993977191636835187e+02 1.261360967980494803e-02 7.407230797354570313e+03
3.160261548888310699e+03 5.981191844272781282e+02 1.261360967980494803e-02 7.407683564390436914e+03
3.170261548888310699e+03 5.968406305864832575e+02 1.261360967980494803e-02 7.408214679487475223e+03
3.180261548888310699e+03 5.955620495528115725e+02 1.261360967980494803e-02 7.408652896118127501e+03
3.190261548888310699e+03 5.942834372971678931e+02 1.261360967980494803e-02 7.409033990205252849e+03
3.200261548888310699e+03 5.930048075263509872e+02 1.261360967980494803e-02 7.409594533743079410e+03
3.210261548888310699e+03 5.917261430863584337e+02 1.261360967980494803e-02 7.409942212135780210e+03
3.220261548888310699e+03 5.904474348156193173e+02 1.261360967980494803e-02 7.410173337486712626e+03
3.230261548888310699e+03 5.891686870334556261e+02 1.261360967980494803e-02 7.410463446912865948e+03
3.240261548888310699e+03 5.878898965771763869e+02 1.261360967980494803e-02 7.410703125721835022e+03
3.250261548888310699e+03 5.866110625305966551e+02 1.261360967980494803e-02 7.410942865573676499e+03
3.260261548888310699e+03 5.853321786952556067e+02 1.261360967980494803e-02 7.411108721442458773e+03
3.270261548888310699e+03 5.840532447680428731e+02 1.261360967980494803e-02 7.411273482562815843e+03
3.280261548888310699e+03 5.827742607637358105e+02 1.261360967980494803e-02 7.411438250134449845e+03
3.290261548888310699e+03 5.814952509009133337e+02 1.261360967980494803e-02 7.411701093775535810e+03
3.300261548888310699e+03 5.802162150158612803e+02 1.261360967980494803e-02 7.412129783175948432e+03
3.310261548888310699e+03 5.789371527911521298e+02 1.261360967980494803e-02 7.412570858404737010e+03
3.320261548888310699e+03 5.776580588472576210e+02 1.261360967980494803e-02 7.412918722911480472e+03
3.330261548888310699e+03 5.763789324931257170e+02 1.261360967980494803e-02 7.413282380094159635e+03
3.340261548888310699e+03 5.750997783550052418e+02 1.261360967980494803e-02 7.413719159422611483e+03
3.350261548888310699e+03 5.738205920165671614e+02 1.261360967980494803e-02 7.414062917464521888e+03
3.360261548888310699e+03 5.725413703961204419e+02 1.261360967980494803e-02 7.414565138259840751e+03
3.370261548888310699e+03 5.712621268721015895e+02 1.261360967980494803e-02 7.415075926998198156e+03
3.380261548888310699e+03 5.699828630817182784e+02 1.261360967980494803e-02 7.415600681045324563e+03
3.390261548888310699e+03 5.687035775501570924e+02 1.261360967980494803e-02 7.416089125063038409e+03
3.400261548888310699e+03 5.674242656521604431e+02 1.261360967980494803e-02 7.416534987378605365e+03
3.410261548888310699e+03 5.661449270622621270e+02 1.261360967980494803e-02 7.416976302851932815e+03
3.420261548888310699e+03 5.648655355349353613e+02 1.261360967980494803e-02 7.417075401856681310e+03
3.430261548888310699e+03 5.635860934056444194e+02 1.261360967980494803e-02 7.417225399716486208e+03
3.440261548888310699e+03 5.623066001294307625e+02 1.261360967980494803e-02 7.417375062453690589e+03
3.450261548888310699e+03 5.610270614365563233e+02 1.261360967980494803e-02 7.417551567350499681e+03
3.460261548888310699e+03 5.597475023586885072e+02 1.261360967980494803e-02 7.418049369056127944e+03
3.470261548888310699e+03 5.584679223892716209e+02 1.261360967980494803e-02 7.418569169801975477e+03
3.480261548888310699e+03 5.571883192202299142e+02 1.261360967980494803e-02 7.419058514964280221e+03
3.490261548888310699e+03 5.559086777685877223e+02 1.261360967980494803e-02 7.419351469862781414e+03
3.500261548888310699e+03 5.546289873217544937e+02 1.261360967980494803e-02 7.419523376000874123e+03
3.510261548888310699e+03 5.533492478940394221e+02 1.261360967980494803e-02 7.419695288718773554e+03
3.520261548888310699e+03 5.520694709775629008e+02 1.261360967980494803e-02 7.419747395053776017e+03
3.530261548888310699e+03 5.507896481971150706e+02 1.261360967980494803e-02 7.419901007359531832e+03
3.540261548888310699e+03 5.495097830324646111e+02 1.261360967980494803e-02 7.420144506724961502e+03
3.550261548888310699e+03 5.482298558945634568e+02 1.261360967980494803e-02 7.420403894980622681e+03
3.560261548888310699e+03 5.469498852140874305e+02 1.261360967980494803e-02 7.420648677754481469e+03
3.570261548888310699e+03 5.456698710076947236e+02 1.261360967980494803e-02 7.420893468852276783e+03
3.580261548888310699e+03 5.443898132921293609e+02 1.261360967980494803e-02 7.421138268270806293e+03
3.590261548888310699e+03 5.431097190950328013e+02 1.261360967980494803e-02 7.421228880761942492e+03
3.600261548888310699e+03 5.418296018281690749e+02 1.261360967980494803e-02 7.421686711716326499e+03
3.610261548888310699e+03 5.405494651407765332e+02 1.261360967980494803e-02 7.422257934673622913e+03
3.620261548888310699e+03 5.392692989859459658e+02 1.261360967980494803e-02 7.422789839389760346e+03
3.630261548888310699e+03 5.379890933600277094e+02 1.261360967980494803e-02 7.423080562893936985e+03
3.640261548888310699e+03 5.367088481096910755e+02 1.261360967980494803e-02 7.423370909094728631e+03
3.650261548888310699e+03 5.354285686074381374e+02 1.261360967980494803e-02 7.423709916304197577e+03
3.660261548888310699e+03 5.341482686262279458e+02 1.261360967980494803e-02 7.424210926993114299e+03
3.670261548888310699e+03 5.328679403276405537e+02 1.261360967980494803e-02 7.424610964495171174e+03
3.680261548888310699e+03 5.315876090417277737e+02 1.261360967980494803e-02 7.425298135941316104e+03
3.690261548888310699e+03 5.303072760951679356e+02 1.261360967980494803e-02 7.426060077601859120e+03
3.700261548888310699e+03 5.290269415071916228e+02 1.261360967980494803e-02 7.426822020239227641e+03
3.710261548888310699e+03 5.277465731084625986e+02 1.261360967980494803e-02 7.427156918445082738e+03
3.720261548888310699e+03 5.264661779892145432e+02 1.261360967980494803e-02 7.427582624701180066e+03
3.730261548888310699e+03 5.251857691599968803e+02 1.261360967980494803e-02 7.428185457092534307e+03
3.740261548888310699e+03 5.239053390467237250e+02 1.261360967980494803e-02 7.428695188172703638e+03
3.750261548888310699e+03 5.226248652173683240e+02 1.261360967980494803e-02 7.428929682283956936e+03
3.760261548888310699e+03 5.213443453510535619e+02 1.261360967980494803e-02 7.429129794510995453e+03
3.770261548888310699e+03 5.200638003647820824e+02 1.261360967980494803e-02 7.429503418044708269e+03
3.780261548888310699e+03 5.187832482916280696e+02 1.261360967980494803e-02 7.430172976898311390e+03
3.790261548888310699e+03 5.175026882008608027e+02 1.261360967980494803e-02 7.430852874358854933e+03
3.800261548888310699e+03 5.162221108947205721e+02 1.261360967980494803e-02 7.431418347275736778e+03
3.810261548888310699e+03 5.149415163929925257e+02 1.261360967980494803e-02 7.431983827785785252e+03
3.820261548888310699e+03 5.136609104733893219e+02 1.261360967980494803e-02 7.432458307713384784e+03
3.830261548888310699e+03 5.123802880570165144e+02 1.261360967980494803e-02 7.433006076732950532e+03
3.840261548888310699e+03 5.110996447541465386e+02 1.261360967980494803e-02 7.433503321642645460e+03
3.850261548888310699e+03 5.098189588507749477e+02 1.261360967980494803e-02 7.433884203905648064e+03
3.860261548888310699e+03 5.085382247869703178e+02 1.261360967980494803e-02 7.434060162139994645e+03
3.870261548888310699e+03 5.072574425767124353e+02 1.261360967980494803e-02 7.434236126989115292e+03
3.880261548888310699e+03 5.059766122345773738e+02 1.261360967980494803e-02 7.434412098451005477e+03
3.890261548888310699e+03 5.046957530996164110e+02 1.261360967980494803e-02 7.434616639839780873e+03
3.900261548888310699e+03 5.034148822267785022e+02 1.261360967980494803e-02 7.435270934261199727e+03
3.910261548888310699e+03 5.021340078382364140e+02 1.261360967980494803e-02 7.436061413550354700e+03
3.920261548888310699e+03 5.008531323057675309e+02 1.261360967980494803e-02 7.436851893545473104e+03
3.930261548888310699e+03 4.995722364814795924e+02 1.261360967980494803e-02 7.437340642986287094e+03
3.940261548888310699e+03 4.982913360363287438e+02 1.261360967980494803e-02 7.438018576970545837e+03
3.950261548888310699e+03 4.970104242035805555e+02 1.261360967980494803e-02 7.438636689392313201e+03
3.960261548888310699e+03 4.957294944421713012e+02 1.261360967980494803e-02 7.439199458870555645e+03
3.970261548888310699e+03 4.944485467722394674e+02 1.261360967980494803e-02 7.439762236216809470e+03
3.980261548888310699e+03 4.931675836517156313e+02 1.261360967980494803e-02 7.440243556834884657e+03
3.990261548888310699e+03 4.918865905125961717e+02 1.261360967980494803e-02 7.440551826294182320e+03
4.000261548888310699e+03 4.906055625102168847e+02 1.261360967980494803e-02 7.440860104143280296e+03
4.010261548888310699e+03 4.893244798085158322e+02 1.261360967980494803e-02 7.441168395155705184e+03
4.020261548888310699e+03 4.880433539316075553e+02 1.261360967980494803e-02 7.441366857371992410e+03
4.030261548888310699e+03 4.867622019324639382e+02 1.261360967980494803e-02 7.441814094121000380e+03
4.040261548888310699e+03 4.854810306245279889e+02 1.261360967980494803e-02 7.442344075405168041e+03
4.050261548888310699e+03 4.841998269601535299e+02 1.261360967980494803e-02 7.442636692761652739e+03
4.060261548888310699e+03 4.829186045560616662e+02 1.261360967980494803e-02 7.443179549238853724e+03
4.070261548888310699e+03 4.816373611007127238e+02 1.261360967980494803e-02 7.443673649732436388e+03
4.080261548888310699e+03 4.803561059795126198e+02 1.261360967980494803e-02 7.444304250112569207e+03
4.090261548888310699e+03 4.790748356001295747e+02 1.261360967980494803e-02 7.444882410272056404e+03
4.100261548888311154e+03 4.777935419785209206e+02 1.261360967980494803e-02 7.445340835936010080e+03
4.110261548888311154e+03 4.765122213748754803e+02 1.261360967980494803e-02 7.445784832969777199e+03
4.120261548888311154e+03 4.752308738083430057e+02 1.261360967980494803e-02 7.446228839346591485e+03
4.130261548888311154e+03 4.739495012673816632e+02 1.261360967980494803e-02 7.446515029232679808e+03
4.140261548888311154e+03 4.726681125589714725e+02 1.261360967980494803e-02 7.447096043876962540e+03
4.150261548888311154e+03 4.713867262669530760e+02 1.261360967980494803e-02 7.447991761487716758e+03
4.160261548888311154e+03 4.701053380852791292e+02 1.261360967980494803e-02 7.448709682259194778e+03
4.170261548888311154e+03 4.688239468223705444e+02 1.261360967980494803e-02 7.449427604756990149e+03
4.180261548888311154e+03 4.675425524948525435e+02 1.261360967980494803e-02 7.450145528971786916e+03
4.190261548888311154e+03 4.662611380865200772e+02 1.261360967980494803e-02 7.450634584442653249e+03
4.200261548888311154e+03 4.649797112201035816e+02 1.261360967980494803e-02 7.451231056037745475e+03
4.210261548888311154e+03 4.636982932548978624e+02 1.261360967980494803e-02 7.452100112449761582e+03
4.220261548888311154e+03 4.624169025319243360e+02 1.261360967980494803e-02 7.453188966184141464e+03
4.230261548888311154e+03 4.611355390569897281e+02 1.261360967980494803e-02 7.454277796764670711e+03
4.240261548888311154e+03 4.598541774268708195e+02 1.261360967980494803e-02 7.455072045183134833e+03
4.250261548888311154e+03 4.585727929461557437e+02 1.261360967980494803e-02 7.455404627992515088e+03
4.260261548888311154e+03 4.572914004949437299e+02 1.261360967980494803e-02 7.456070653089643201e+03
4.270261548888311154e+03 4.560100157671065517e+02 1.261360967980494803e-02 7.456985013136377347e+03
4.280261548888311154e+03 4.547286471075142913e+02 1.261360967980494803e-02 7.457956702709283491e+03
4.290261548888311154e+03 4.534472787457997356e+02 1.261360967980494803e-02 7.458723460281958978e+03
4.300261548888311154e+03 4.521658736592167429e+02 1.261360967980494803e-02 7.459013596580829471e+03
4.310261548888311154e+03 4.508844468009315847e+02 1.261360967980494803e-02 7.459487689947984109e+03
4.320261548888311154e+03 4.496030039133373748e+02 1.261360967980494803e-02 7.460055507507134280e+03
4.330261548888311154e+03 4.483215523905524833e+02 1.261360967980494803e-02 7.460714031196189353e+03
4.340261548888311154e+03 4.470400911384681422e+02 1.261360967980494803e-02 7.461349984812709408e+03
4.350261548888311154e+03 4.457585867124878405e+02 1.261360967980494803e-02 7.461570761246985057e+03
4.360261548888311154e+03 4.444770522695338855e+02 1.261360967980494803e-02 7.461931993526241058e+03
4.370261548888311154e+03 4.431955186891798917e+02 1.261360967980494803e-02 7.462710589929276466e+03
4.380261548888311154e+03 4.419139882244020896e+02 1.261360967980494803e-02 7.463494019181645854e+03
4.390261548888311154e+03 4.406324494250256976e+02 1.261360967980494803e-02 7.464125724210096450e+03
4.400261548888311154e+03 4.393509070684373796e+02 1.261360967980494803e-02 7.464837359336358531e+03
4.410261548888311154e+03 4.380693349377671097e+02 1.261360967980494803e-02 7.465232188209884043e+03
4.420261548888311154e+03 4.367877367386419678e+02 1.261360967980494803e-02 7.465676621895577227e+03
4.430261548888311154e+03 4.355061174232719736e+02 1.261360967980494803e-02 7.466188664668104138e+03
4.440261548888311154e+03 4.342244770106098599e+02 1.261360967980494803e-02 7.466700715869589658e+03
4.450261548888311154e+03 4.329428052466243457e+02 1.261360967980494803e-02 7.466872035828591834e+03
4.460261548888311154e+03 4.316610851336338328e+02 1.261360967980494803e-02 7.466915410911085928e+03
4.470261548888311154e+03 4.303793344069954401e+02 1.261360967980494803e-02 7.467377496810559023e+03
4.480261548888311154e+03 4.290975500944102237e+02 1.261360967980494803e-02 7.467924000213365616e+03
4.490261548888311154e+03 4.278157681016197671e+02 1.261360967980494803e-02 7.468668723545993998e+03
4.500261548888311154e+03 4.265339857860940356e+02 1.261360967980494803e-02 7.469402167353791810e+03
4.510261548888311154e+03 4.252521769784573280e+02 1.261360967980494803e-02 7.469840533626381330e+03
4.520261548888311154e+03 4.239703394960496894e+02 1.261360967980494803e-02 7.470255422928109510e+03
4.530261548888311154e+03 4.226884733570304888e+02 1.261360967980494803e-02 7.470670321505053835e+03
4.540261548888311154e+03 4.214065879893394140e+02 1.261360967980494803e-02 7.471082577627781575e+03
4.550261548888311154e+03 4.201246598983030935e+02 1.261360967980494803e-02 7.471159382639984869e+03
4.560261548888311154e+03 4.188426823199650926e+02 1.261360967980494803e-02 7.471255484109837198e+03
4.570261548888311154e+03 4.175606323978134355e+02 1.261360967980494803e-02 7.471413024093948479e+03
4.580261548888311154e+03 4.162785388110746680e+02 1.261360967980494803e-02 7.471598385164021238e+03
4.590261548888311154e+03 4.149964686139750256e+02 1.261360967980494803e-02 7.472606828434981253e+03
4.600261548888311154e+03 4.137144200715076181e+02 1.261360967980494803e-02 7.473645797604315703e+03
4.610261548888311154e+03 4.124323565257889186e+02 1.261360967980494803e-02 7.474235494879397265e+03
4.620261548888311154e+03 4.111502775794282343e+02 1.261360967980494803e-02 7.474818149644469486e+03
4.630261548888311154e+03 4.098681807967961390e+02 1.261360967980494803e-02 7.475290456048351189e+03
4.640261548888311154e+03 4.085860673132673355e+02 1.261360967980494803e-02 7.475849201116124277e+03
4.650261548888311154e+03 4.073039356391637966e+02 1.261360967980494803e-02 7.476395621324218155e+03
4.660261548888311154e+03 4.060217857930082346e+02 1.261360967980494803e-02 7.476942049276897706e+03
4.670261548888311154e+03 4.047396160895339108e+02 1.261360967980494803e-02 7.477335582932784746e+03
4.680261548888311154e+03 4.034574468266841905e+02 1.261360967980494803e-02 7.478174043940100091e+03
4.690261548888311154e+03 4.021753033194599425e+02 1.261360967980494803e-02 7.479383680627593094e+03
4.700261548888311154e+03 4.008931756875444421e+02 1.261360967980494803e-02 7.480159287231851522e+03
4.710261548888311154e+03 3.996110304558241069e+02 1.261360967980494803e-02 7.480684991426840497e+03
4.720261548888311154e+03 3.983288709655425919e+02 1.261360967980494803e-02 7.481265657409671803e+03
4.730261548888311154e+03 3.970467108235366709e+02 1.261360967980494803e-02 7.482013801075926494e+03
4.740261548888311154e+03 3.957645478565298163e+02 1.261360967980494803e-02 7.482752058905055492e+03
4.750261548888311154e+03 3.944823713451966682e+02 1.261360967980494803e-02 7.483288187971355001e+03
4.760261548888311154e+03 3.932002029750869383e+02 1.261360967980494803e-02 7.484159213599697978e+03
4.770261548888311154e+03 3.919180107985598056e+02 1.261360967980494803e-02 7.484606334428118316e+03
4.780261548888311154e+03 3.906357781603650778e+02 1.261360967980494803e-02 7.484855244050034344e+03
4.790261548888311154e+03 3.893535156719385100e+02 1.261360967980494803e-02 7.485240268282553188e+03
4.800261548888311154e+03 3.880712248060116849e+02 1.261360967980494803e-02 7.485634714887993141e+03
4.810261548888311154e+03 3.867889283611168025e+02 1.261360967980494803e-02 7.486272488831045848e+03
4.820261548888311154e+03 3.855066334630777192e+02 1.261360967980494803e-02 7.487054061977471065e+03
4.830261548888311154e+03 3.842243236408250482e+02 1.261360967980494803e-02 7.487629177308573162e+03
4.840261548888311154e+03 3.829419937237964859e+02 1.261360967980494803e-02 7.488139043708591998e+03
4.850261548888311154e+03 3.816596466410288713e+02 1.261360967980494803e-02 7.488649333077501069e+03
4.860261548888311154e+03 3.803772886328742402e+02 1.261360967980494803e-02 7.489285066461522547e+03
4.870261548888311154e+03 3.790949184917391221e+02 1.261360967980494803e-02 7.489903110594279497e+03
4.880261548888311154e+03 3.778125311632608145e+02 1.261360967980494803e-02 7.490437760065958173e+03
4.890261548888311154e+03 3.765301462204112681e+02 1.261360967980494803e-02 7.491213750320203872e+03
4.900261548888311154e+03 3.752477636763665600e+02 1.261360967980494803e-02 7.491989739122895116e+03
4.910261548888311154e+03 3.739653835442913987e+02 1.261360967980494803e-02 7.492765726466070191e+03
4.920261548888311154e+03 3.726829767177707708e+02 1.261360967980494803e-02 7.493167195472174171e+03
4.930261548888311154e+03 3.714005543867373262e+02 1.261360967980494803e-02 7.493715171095508595e+03
4.940261548888311154e+03 3.701181032613374668e+02 1.261360967980494803e-02 7.494121809087696420e+03
4.950261548888311154e+03 3.688356297951715987e+02 1.261360967980494803e-02 7.494570452287875014e+03
4.960261548888311154e+03 3.675531318534636398e+02 1.261360967980494803e-02 7.495024269343953165e+03
4.970261548888311154e+03 3.662706198905215729e+02 1.261360967980494803e-02 7.495611364735565985e+03
4.980261548888311154e+03 3.649881083711002248e+02 1.261360967980494803e-02 7.496382740096035377e+03
4.990261548888311154e+03 3.637055627979851806e+02 1.261360967980494803e-02 7.496707763816420083e+03
5.000261548888311154e+03 3.624229914935629040e+02 1.261360967980494803e-02 7.497138901640032600e+03
5.010261548888311154e+03 3.611403970418864446e+02 1.261360967980494803e-02 7.497595629774376903e+03
5.020261548888311154e+03 3.598577794593392696e+02 1.261360967980494803e-02 7.498052366145557244e+03
5.030261548888311154e+03 3.585751391728184103e+02 1.261360967980494803e-02 7.498486070792315331e+03
5.040261548888311154e+03 3.572924684113968397e+02 1.261360967980494803e-02 7.498846016910020808e+03
5.050261548888311154e+03 3.560097630765534404e+02 1.261360967980494803e-02 7.499177487150222078e+03
5.060261548888311154e+03 3.547270405538655496e+02 1.261360967980494803e-02 7.499663262422636762e+03
5.070261548888311154e+03 3.534443157207155650e+02 1.261360967980494803e-02 7.500397288220344308e+03
5.080261548888311154e+03 3.521615885922985285e+02 1.261360967980494803e-02 7.501131315331494079e+03
5.090261548888311154e+03 3.508788407583525100e+02 1.261360967980494803e-02 7.501616330133781048e+03
5.100261548888311154e+03 3.495960795684467257e+02 1.261360967980494803e-02 7.502154872601723582e+03
5.110261548888311154e+03 3.483133034102299916e+02 1.261360967980494803e-02 7.502734253780848121e+03
5.120261548888311154e+03 3.470305151566752784e+02 1.261360967980494803e-02 7.503327795431170671e+03
5.130261548888311154e+03 3.457477129624710983e+02 1.261360967980494803e-02 7.503920981820585439e+03
5.140261548888311154e+03 3.444648966764241322e+02 1.261360967980494803e-02 7.504466040793263346e+03
5.150261548888311154e+03 3.431820707280993474e+02 1.261360967980494803e-02 7.505059787322663396e+03
5.160261548888311154e+03 3.418992371233371728e+02 1.261360967980494803e-02 7.505717216805651333e+03
5.170261548888311154e+03 3.406164258337074102e+02 1.261360967980494803e-02 7.506751803012316486e+03
5.180261548888311154e+03 3.393336389656003576e+02 1.261360967980494803e-02 7.507773518720772699e+03
5.190261548888311154e+03 3.380508887212317291e+02 1.261360967980494803e-02 7.508959530346834981e+03
5.200261548888311154e+03 3.367681677797696125e+02 1.261360967980494803e-02 7.510074526137998873e+03
5.210261548888311154e+03 3.354854370064717273e+02 1.261360967980494803e-02 7.510720730336006454e+03
5.220261548888311154e+03 3.342026961678060957e+02 1.261360967980494803e-02 7.511363935369990941e+03
5.230261548888311154e+03 3.329199406474162402e+02 1.261360967980494803e-02 7.511943883677448866e+03
5.240261548888311154e+03 3.316371628732179602e+02 1.261360967980494803e-02 7.512376320518539615e+03
5.250261548888311154e+03 3.303543759783200358e+02 1.261360967980494803e-02 7.513007985243819348e+03
5.260261548888311154e+03 3.290715762239801734e+02 1.261360967980494803e-02 7.513586024256152086e+03
5.270261548888311154e+03 3.277887654047787578e+02 1.261360967980494803e-02 7.514215822875751655e+03
5.280261548888311154e+03 3.265059435374161012e+02 1.261360967980494803e-02 7.514845626919468486e+03
5.290261548888311154e+03 3.252231172093815985e+02 1.261360967980494803e-02 7.515529338377215026e+03
5.300261548888311154e+03 3.239403058324185167e+02 1.261360967980494803e-02 7.516448048035663305e+03
5.310261548888311154e+03 3.226575203768560414e+02 1.261360967980494803e-02 7.517547775340139196e+03
5.320261548888311154e+03 3.213747552393923570e+02 1.261360967980494803e-02 7.518541937933706322e+03
5.330261548888311154e+03 3.200920938291282596e+02 1.261360967980494803e-02 7.520583286600247447e+03
5.340261548888311154e+03 3.188094716879460861e+02 1.261360967980494803e-02 7.521763651978943017e+03
5.350261548888311154e+03 3.175269788370429751e+02 1.261360967980494803e-02 7.524041454231312855e+03
5.360261548888311154e+03 3.162445532210016381e+02 1.261360967980494803e-02 7.525687582448134890e+03
5.370261548888311154e+03 3.149621201256776999e+02 1.261360967980494803e-02 7.526368614534195331e+03
5.380261548888311154e+03 3.136796795667357287e+02 1.261360967980494803e-02 7.527049650583787297e+03
5.390261548888311154e+03 3.123972315602384242e+02 1.261360967980494803e-02 7.527730690588378820e+03
5.400261548888311154e+03 3.111147569117721901e+02 1.261360967980494803e-02 7.527934135963993867e+03
5.410261548888311154e+03 3.098322690312883765e+02 1.261360967980494803e-02 7.528613748118174954e+03
5.420261548888311154e+03 3.085497702073114965e+02 1.261360967980494803e-02 7.529248000435982249e+03
5.430261548888311154e+03 3.072672955576393292e+02 1.261360967980494803e-02 7.530275822787483776e+03
5.440261548888311154e+03 3.059848897190959178e+02 1.261360967980494803e-02 7.531945521088634450e+03
5.450261548888311154e+03 3.047024934534393878e+02 1.261360967980494803e-02 7.532763626194599965e+03
5.460261548888311154e+03 3.034201420128466680e+02 1.261360967980494803e-02 7.534008685140827765e+03
5.470261548888311154e+03 3.019786889350115757e+02 1.261360967980494803e-02 7.535551140003219189e+03
5.480261548888311154e+03 3.005369178551346181e+02 1.261360967980494803e-02 7.536808189271741867e+03
5.490261548888311154e+03 2.990948952515184374e+02 1.261360967980494803e-02 7.537543362662117033e+03
5.500261548888311154e+03 2.976526101706702434e+02 1.261360967980494803e-02 7.538355730291312284e+03
5.510261548888311154e+03 2.962101570764471603e+02 1.261360967980494803e-02 7.539055826634439654e+03
5.520261548888311154e+03 2.947674911932254531e+02 1.261360967980494803e-02 7.539672839736074820e+03
5.530261548888311154e+03 2.933245919279855229e+02 1.261360967980494803e-02 7.540292859771920121e+03
5.540261548888311154e+03 2.918813323366438226e+02 1.261360967980494803e-02 7.540913034641442209e+03
5.550261548888311154e+03 2.904378712996302738e+02 1.261360967980494803e-02 7.541261093559293840e+03
5.560261548888311154e+03 2.889941643639904783e+02 1.261360967980494803e-02 7.542150445461457821e+03
5.570261548888311154e+03 2.875501156650673238e+02 1.261360967980494803e-02 7.543746615303745784e+03
5.580261548888311154e+03 2.861057303967932057e+02 1.261360967980494803e-02 7.545233784008561088e+03
5.590261548888311154e+03 2.846609997992178478e+02 1.261360967980494803e-02 7.546662558894303402e+03
5.600261548888311154e+03 2.832161033086757698e+02 1.261360967980494803e-02 7.547631901021343765e+03
5.610261548888311154e+03 2.817709517654524802e+02 1.261360967980494803e-02 7.548912829555240933e+03
5.620261548888311154e+03 2.803254691491881090e+02 1.261360967980494803e-02 7.550537848001179555e+03
5.630261548888311154e+03 2.788794884972825230e+02 1.261360967980494803e-02 7.552005142589532625e+03
5.640261548888311154e+03 2.774331667241293644e+02 1.261360967980494803e-02 7.553461033426370705e+03
5.650261548888311154e+03 2.759866563770031007e+02 1.261360967980494803e-02 7.554418074986459942e+03
5.660261548888311154e+03 2.745399143762548420e+02 1.261360967980494803e-02 7.555123214171866493e+03
5.670261548888311154e+03 2.730929047006563337e+02 1.261360967980494803e-02 7.556325368179149336e+03
5.680261548888311154e+03 2.716454661937774517e+02 1.261360967980494803e-02 7.557471407923510924e+03
5.690261548888311154e+03 2.701977245157451080e+02 1.261360967980494803e-02 7.558881569892634616e+03
5.700261548888311154e+03 2.687497482834144762e+02 1.261360967980494803e-02 7.560377505372075575e+03
5.710261548888311154e+03 2.673014593896204474e+02 1.261360967980494803e-02 7.561873763868817150e+03
5.720261548888311154e+03 2.658529066974564898e+02 1.261360967980494803e-02 7.562743351595328022e+03
5.730261548888311154e+03 2.644039262188119892e+02 1.261360967980494803e-02 7.563782778112518827e+03
5.740261548888311154e+03 2.629546498431602686e+02 1.261360967980494803e-02 7.564822416891502144e+03
5.750261548888311154e+03 2.615051771772049847e+02 1.261360967980494803e-02 7.565852381551112558e+03
5.760261548888311154e+03 2.600555095760327617e+02 1.261360967980494803e-02 7.566262648527563215e+03
5.770261548888311154e+03 2.586055741838096083e+02 1.261360967980494803e-02 7.567465493261021038e+03
5.780261548888311154e+03 2.571552139290056971e+02 1.261360967980494803e-02 7.568543763071343164e+03
5.790261548888311154e+03 2.557045761627713034e+02 1.261360967980494803e-02 7.569628502893556288e+03
5.800261548888311154e+03 2.542536975731365487e+02 1.261360967980494803e-02 7.571234627808186815e+03
5.810261548888311154e+03 2.528025120435391671e+02 1.261360967980494803e-02 7.572758735579121094e+03
5.820261548888311154e+03 2.513510209954807806e+02 1.261360967980494803e-02 7.574054461844765683e+03
5.830261548888311154e+03 2.498991611512921054e+02 1.261360967980494803e-02 7.576029684010642995e+03
5.840261548888311154e+03 2.484469599270929052e+02 1.261360967980494803e-02 7.577503166838311699e+03
5.850261548888311154e+03 2.469944081979352291e+02 1.261360967980494803e-02 7.579077621724960409e+03
5.860261548888311154e+03 2.455415274076067362e+02 1.261360967980494803e-02 7.580541212834947146e+03
5.870261548888311154e+03 2.440882915814706564e+02 1.261360967980494803e-02 7.582449664772443612e+03
5.880261548888311154e+03 2.426346734579478834e+02 1.261360967980494803e-02 7.584365174256423415e+03
5.890261548888311154e+03 2.411806719690594605e+02 1.261360967980494803e-02 7.586187836629289450e+03
5.900261548888311154e+03 2.397263957708090061e+02 1.261360967980494803e-02 7.586785295548326758e+03
5.910261548888311154e+03 2.382717362782923658e+02 1.261360967980494803e-02 7.587613715610425970e+03
5.920261548888311154e+03 2.368166720280206334e+02 1.261360967980494803e-02 7.589880896324198147e+03
5.930261548888311154e+03 2.353611579137991896e+02 1.261360967980494803e-02 7.592585624763258238e+03
5.940261548888311154e+03 2.339052375268717299e+02 1.261360967980494803e-02 7.594682806900875221e+03
5.950261548888311154e+03 2.324489318726486431e+02 1.261360967980494803e-02 7.596565202031239096e+03
5.960261548888311154e+03 2.309923161271730407e+02 1.261360967980494803e-02 7.597790657292020114e+03
5.970261548888311154e+03 2.295354629595711913e+02 1.261360967980494803e-02 7.598357771225840224e+03
5.980261548888311154e+03 2.280783197974762686e+02 1.261360967980494803e-02 7.599397964287780269e+03
5.990261548888311154e+03 2.266208796201475764e+02 1.261360967980494803e-02 7.600501876063956843e+03
6.000261548888311154e+03 2.251631639980690522e+02 1.261360967980494803e-02 7.601481599103663939e+03
6.010261548888311154e+03 2.237051992416434985e+02 1.261360967980494803e-02 7.602457156991480588e+03
6.020261548888311154e+03 2.222468708290091683e+02 1.261360967980494803e-02 7.604394393122560359e+03
6.030261548888311154e+03 2.207881923906266763e+02 1.261360967980494803e-02 7.605987689604054140e+03
6.040261548888311154e+03 2.193292536615022925e+02 1.261360967980494803e-02 7.606815212716213864e+03
6.050261548888311154e+03 2.178700666006910183e+02 1.261360967980494803e-02 7.607525165908278723e+03
6.060261548888311154e+03 2.164106360723044133e+02 1.261360967980494803e-02 7.608151461883659067e+03
6.070261548888311154e+03 2.149510618457123314e+02 1.261360967980494803e-02 7.608546319828630658e+03
6.080261548888311154e+03 2.134913084390374820e+02 1.261360967980494803e-02 7.608797748911445524e+03
6.090261548888311154e+03 2.120313411164523814e+02 1.261360967980494803e-02 7.609946233508773730e+03
6.100261548888311154e+03 2.105710938546114619e+02 1.261360967980494803e-02 7.611451877506488017e+03
6.110261548888311154e+03 2.091105624178594553e+02 1.261360967980494803e-02 7.612513389703368375e+03
6.120261548888311154e+03 2.076496811043350590e+02 1.261360967980494803e-02 7.614660593069623246e+03
6.130261548888311154e+03 2.061884661411648949e+02 1.261360967980494803e-02 7.615831503455743587e+03
6.140261548888311154e+03 2.047269561329036947e+02 1.261360967980494803e-02 7.616844931991455269e+03
6.150261548888311154e+03 2.032651548792732967e+02 1.261360967980494803e-02 7.618142565207175721e+03
6.160261548888311154e+03 2.018029808940778480e+02 1.261360967980494803e-02 7.620221242251944204e+03
6.170261548888311154e+03 2.003403549557789347e+02 1.261360967980494803e-02 7.621540321900356503e+03
6.180261548888311154e+03 1.988772346718069741e+02 1.261360967980494803e-02 7.624461875713336667e+03
6.190261548888311154e+03 1.974137018989599426e+02 1.261360967980494803e-02 7.626665790934434881e+03
6.200261548888311154e+03 1.959498684310750605e+02 1.261360967980494803e-02 7.627846604884275621e+03
6.210261548888311154e+03 1.944857622191177029e+02 1.261360967980494803e-02 7.629131054314247194e+03
6.220261548888311154e+03 1.930210864923496956e+02 1.261360967980494803e-02 7.632622032399327509e+03
6.230261548888311154e+03 1.915558938821099559e+02 1.261360967980494803e-02 7.635960416958816495e+03
6.240261548888311154e+03 1.900901907458492701e+02 1.261360967980494803e-02 7.638859241435911827e+03
6.250261548888311154e+03 1.886241475669319243e+02 1.261360967980494803e-02 7.641758738439352783e+03
6.260261548888311154e+03 1.871576826063789554e+02 1.261360967980494803e-02 7.644362307699398116e+03
6.270261548888311154e+03 1.856908508406258136e+02 1.261360967980494803e-02 7.646712936276011533e+03
6.280261548888311154e+03 1.842232740433675815e+02 1.261360967980494803e-02 7.650355857250252484e+03
6.290261548888311154e+03 1.827552046235385887e+02 1.261360967980494803e-02 7.653167574405320011e+03
6.300261548888311154e+03 1.812868199578647648e+02 1.261360967980494803e-02 7.654774265981386634e+03
6.310261548888311154e+03 1.798181181910769340e+02 1.261360967980494803e-02 7.656251428928664609e+03
6.320261548888311154e+03 1.783491701563128515e+02 1.261360967980494803e-02 7.657959120746869303e+03
6.330261548888311154e+03 1.768798993536554462e+02 1.261360967980494803e-02 7.660111962981631223e+03
6.340261548888311154e+03 1.754103082656866945e+02 1.261360967980494803e-02 7.661358336043234885e+03
6.350261548888311154e+03 1.739404204524021509e+02 1.261360967980494803e-02 7.662310269487128608e+03
6.360261548888311154e+03 1.724702438032646512e+02 1.261360967980494803e-02 7.663262389987822644e+03
6.370261548888311154e+03 1.709997809784522929e+02 1.261360967980494803e-02 7.664214695822521207e+03
6.380261548888311154e+03 1.695290328960462887e+02 1.261360967980494803e-02 7.665167186396653960e+03
6.390261548888311154e+03 1.680579998937533901e+02 1.261360967980494803e-02 7.666119861491513802e+03
6.400261548888311154e+03 1.665866821159212918e+02 1.261360967980494803e-02 7.667072721013619230e+03
6.410261548888311154e+03 1.651150796424687712e+02 1.261360967980494803e-02 7.668025764911212718e+03
6.420261548888311154e+03 1.636431925318373146e+02 1.261360967980494803e-02 7.668978993146444736e+03
6.430261548888311154e+03 1.621710208353001121e+02 1.261360967980494803e-02 7.669932405686112361e+03
6.440261548888311154e+03 1.606985646017290605e+02 1.261360967980494803e-02 7.670886002498563357e+03
6.450261548888311154e+03 1.592258238791827409e+02 1.261360967980494803e-02 7.671839783552672088e+03
6.460261548888311154e+03 1.577527987154354889e+02 1.261360967980494803e-02 7.672793748817501182e+03
6.470261548888311154e+03 1.562794891494870910e+02 1.261360967980494803e-02 7.673747898267793062e+03
6.480261548888311154e+03 1.548061427055709771e+02 1.261360967980494803e-02 7.672638703231174986e+03
6.490261548888311154e+03 1.533326399963480924e+02 1.261360967980494803e-02 7.674106953440955294e+03
6.500261548888311154e+03 1.518588599896253299e+02 1.261360967980494803e-02 7.675575479959769837e+03
6.510261548888311154e+03 1.503847474707048946e+02 1.261360967980494803e-02 7.677044337805497889e+03
6.520261548888311154e+03 1.489102893802142944e+02 1.261360967980494803e-02 7.678513539990960453e+03
6.530261548888311154e+03 1.474354879055427716e+02 1.261360967980494803e-02 7.679983084336563479e+03
6.540261548888311154e+03 1.459603467483025838e+02 1.261360967980494803e-02 7.681452967153891223e+03
6.550261548888311154e+03 1.444848672158334182e+02 1.261360967980494803e-02 7.682923187140263508e+03
6.560261548888311154e+03 1.430090498178747396e+02 1.261360967980494803e-02 7.684393743787758467e+03
6.570261548888311154e+03 1.415328947984229160e+02 1.261360967980494803e-02 7.685864636853248157e+03
6.580261548888311154e+03 1.400570677875604986e+02 1.261360967980494803e-02 7.684188547286667017e+03
6.590261548888311154e+03 1.385812509575877414e+02 1.261360967980494803e-02 7.684063083399105381e+03
6.600261548888311154e+03 1.371053054761107433e+02 1.261360967980494803e-02 7.684199650517005466e+03
6.610261548888311154e+03 1.356291565803890080e+02 1.261360967980494803e-02 7.684734876581170283e+03
6.620261548888311154e+03 1.341528299320509632e+02 1.261360967980494803e-02 7.685481595736455347e+03
6.630261548888311154e+03 1.326762483233853231e+02 1.261360967980494803e-02 7.686205341667839093e+03
6.640261548888311154e+03 1.311994713754264410e+02 1.261360967980494803e-02 7.686978380150838348e+03
6.650261548888311154e+03 1.297223985659551033e+02 1.261360967980494803e-02 7.688039835333269366e+03
6.660261548888311154e+03 1.282450591207582988e+02 1.261360967980494803e-02 7.689299298018571790e+03
6.670261548888311154e+03 1.267672356540675906e+02 1.261360967980494803e-02 7.692180270444796406e+03
6.680261548888311154e+03 1.252892947123321790e+02 1.261360967980494803e-02 7.692120020275214301e+03
6.690261548888311154e+03 1.238112137106606383e+02 1.261360967980494803e-02 7.692254452416179447e+03
6.700261548888311154e+03 1.223329517824248995e+02 1.261360967980494803e-02 7.692350626822212689e+03
6.710261548888311154e+03 1.208545569080661295e+02 1.261360967980494803e-02 7.692358679827705600e+03
6.720261548888311154e+03 1.193759589258723253e+02 1.261360967980494803e-02 7.692763252607390314e+03
6.730261548888311154e+03 1.178971407828332900e+02 1.261360967980494803e-02 7.693241474704696884e+03
6.740261548888311154e+03 1.164180857884816191e+02 1.261360967980494803e-02 7.693884352551962365e+03
6.750261548888311154e+03 1.149387971133220674e+02 1.261360967980494803e-02 7.694449848240335996e+03
6.760261548888311154e+03 1.134593247918731720e+02 1.261360967980494803e-02 7.695598810766678980e+03
6.770261548888311154e+03 1.119796184645816624e+02 1.261360967980494803e-02 7.696362638571918069e+03
6.780261548888311154e+03 1.104996814019410891e+02 1.261360967980494803e-02 7.696886376571136680e+03
6.790261548888311154e+03 1.090195204184278310e+02 1.261360967980494803e-02 7.697332273229798375e+03
6.800261548888311154e+03 1.075391549654853094e+02 1.261360967980494803e-02 7.697574528125755933e+03
6.810261548888311154e+03 1.060585685685617250e+02 1.261360967980494803e-02 7.698280225756035179e+03
6.820261548888311154e+03 1.045777270944063275e+02 1.261360967980494803e-02 7.699171899661548196e+03
6.830261548888311154e+03 1.030966483310481578e+02 1.261360967980494803e-02 7.699688363006467625e+03
6.840261548888311154e+03 1.016153588537693935e+02 1.261360967980494803e-02 7.699969228123019093e+03
6.850261548888311154e+03 1.001338710064022308e+02 1.261360967980494803e-02 7.700172180364632368e+03
6.860261548888311154e+03 9.865217758465774978e+01 1.261360967980494803e-02 7.700865943471597348e+03
6.870261548888311154e+03 9.717022635877424364e+01 1.261360967980494803e-02 7.701840991412925177e+03
6.880261548888311154e+03 9.568801557235772748e+01 1.261360967980494803e-02 7.702687189311389375e+03
6.890261548888311154e+03 9.420557389450209484e+01 1.261360967980494803e-02 7.703195871508048185e+03
6.900261548888311154e+03 9.272287783123573490e+01 1.261360967980494803e-02 7.703993027735757096e+03
6.910261548888311154e+03 9.123991956551634530e+01 1.261360967980494803e-02 7.704790324933907868e+03
6.920261548888311154e+03 8.975669651499357826e+01 1.261360967980494803e-02 7.705587764490874179e+03
6.930261548888311154e+03 8.827320784127211084e+01 1.261360967980494803e-02 7.706385346857410696e+03
6.940261548888311154e+03 8.678945328695571959e+01 1.261360967980494803e-02 7.707183072171902495e+03
6.950261548888311154e+03 8.530543278820434239e+01 1.261360967980494803e-02 7.707980940468672998e+03
6.960261548888311154e+03 8.382114634565600397e+01 1.261360967980494803e-02 7.708778951747381143e+03
6.970261548888311154e+03 8.233659398142391694e+01 1.261360967980494803e-02 7.709577105996135288e+03
6.980261548888311154e+03 8.085177572477005015e+01 1.261360967980494803e-02 7.710375403199204811e+03
6.990261548888311154e+03 7.936669160733210049e+01 1.261360967980494803e-02 7.711173843339580344e+03
7.000261548888311154e+03 7.788159426192510182e+01 1.261360967980494803e-02 7.710439489125346881e+03
7.010261548888311154e+03 7.639651966554288265e+01 1.261360967980494803e-02 7.709870505543651234e+03
7.020261548888311154e+03 7.491127476578056132e+01 1.261360967980494803e-02 7.710317107316339388e+03
7.030261548888311154e+03 7.342580787173190515e+01 1.261360967980494803e-02 7.711421600334530012e+03
7.040261548888311154e+03 7.193999209772385939e+01 1.261360967980494803e-02 7.713479833892897659e+03
7.050261548888311154e+03 7.045373951996776896e+01 1.261360967980494803e-02 7.715859145648730191e+03
7.060261548888311154e+03 6.896705040164911793e+01 1.261360967980494803e-02 7.718239156253537658e+03
7.070261548888311154e+03 6.748007044874847793e+01 1.261360967980494803e-02 7.720619632449558594e+03
7.080261548888311154e+03 6.599289496055990867e+01 1.261360967980494803e-02 7.721036740332575391e+03
7.090261548888311154e+03 6.450542091889204244e+01 1.261360967980494803e-02 7.723074648231809988e+03
7.100261548888311154e+03 6.301737566038026728e+01 1.261360967980494803e-02 7.725779683063237826e+03
7.110261548888311154e+03 6.152915734559888961e+01 1.261360967980494803e-02 7.726806409655765492e+03
7.120261548888311154e+03 6.004080078608014759e+01 1.261360967980494803e-02 7.727139220656476937e+03
7.130261548888311154e+03 5.855180178802533675e+01 1.261360967980494803e-02 7.733613787724409121e+03
7.140261548888311154e+03 5.706204624489302546e+01 1.261360967980494803e-02 7.742024710069626963e+03
7.150261548888311154e+03 5.557070428575993759e+01 1.261360967980494803e-02 7.754103856672839356e+03
7.160261548888311154e+03 5.407823054190571810e+01 1.261360967980494803e-02 7.762262767782264746e+03
7.170261548888311154e+03 5.258526452193822109e+01 1.261360967980494803e-02 7.766145206000242979e+03
7.180261548888311154e+03 5.109184532993854333e+01 1.261360967980494803e-02 7.768711457069827702e+03
7.190261548888311154e+03 4.959811724220029561e+01 1.261360967980494803e-02 7.770264965075839427e+03
7.200261548888311154e+03 4.810415474173238692e+01 1.261360967980494803e-02 7.772648440216503332e+03
7.210261548888311154e+03 4.660982226420362196e+01 1.261360967980494803e-02 7.774733257101152049e+03
7.220261548888311154e+03 4.511513465730618577e+01 1.261360967980494803e-02 7.778097540930883042e+03
7.230261548888311154e+03 4.362007414811980510e+01 1.261360967980494803e-02 7.780782373795216699e+03
7.240261548888311154e+03 4.212471252717355696e+01 1.261360967980494803e-02 7.785324002151866807e+03
7.250261548888311154e+03 4.062887659046590727e+01 1.261360967980494803e-02 7.790383291246307635e+03
7.260261548888311154e+03 3.913245009271629726e+01 1.261360967980494803e-02 7.795502966133543850e+03
7.270261548888311154e+03 3.763549640366397142e+01 1.261360967980494803e-02 7.803607712562694360e+03
7.280261548888311154e+03 3.613797432105073426e+01 1.261360967980494803e-02 7.808226464692025729e+03
7.290261548888311154e+03 3.464014165941326695e+01 1.261360967980494803e-02 7.808900226747441593e+03
7.300261548888311154e+03 3.314200356640621692e+01 1.261360967980494803e-02 7.812821896391711562e+03
7.310261548888311154e+03 3.164347354477298069e+01 1.261360967980494803e-02 7.815126127195296249e+03
7.320261548888311154e+03 3.014468642227040363e+01 1.261360967980494803e-02 7.815375131575349769e+03
7.330261548888311154e+03 2.864556408993574621e+01 1.261360967980494803e-02 7.815725842892755281e+03
7.340261548888311154e+03 2.714635063501274814e+01 1.261360967980494803e-02 7.816100866608986507e+03
7.350261548888311154e+03 2.564698826635079598e+01 1.261360967980494803e-02 7.818344129147798412e+03
7.360261548888311154e+03 2.414625346446209164e+01 1.261360967980494803e-02 7.848119434908959192e+03
7.370261548888311154e+03 2.264317903351256334e+01 1.261360967980494803e-02 7.869075722093998593e+03
7.380261548888311154e+03 2.113973357069439274e+01 1.261360967980494803e-02 7.871095808811371171e+03
7.390261548888311154e+03 1.963598926021359503e+01 1.261360967980494803e-02 7.874754782109437656e+03
7.400261548888311154e+03 1.813136343634665693e+01 1.261360967980494803e-02 7.884842408017290836e+03
7.410261548888311154e+03 1.662588140317998153e+01 1.261360967980494803e-02 7.892081152989133443e+03
7.420261548888311154e+03 1.512002279103168156e+01 1.261360967980494803e-02 7.894244440771745758e+03
7.430261548888311154e+03 1.361423093804029882e+01 1.261360967980494803e-02 7.895555835060053141e+03
7.440261548888311154e+03 1.210776912224231339e+01 1.261360967980494803e-02 7.901625521873585058e+03
7.450261548888311154e+03 1.060082109132005357e+01 1.261360967980494803e-02 7.907695622978500978e+03
7.460261548888311154e+03 9.093265050237588909e+00 1.261360967980494803e-02 7.917372179339539798e+03
7.470261548888311154e+03 7.585214765291305561e+00 1.261360967980494803e-02 7.924890176622936451e+03
7.480261548888311154e+03 6.076745069239594343e+00 1.261360967980494803e-02 7.927960060371692634e+03
7.490261548888311154e+03 4.567964953882299284e+00 1.261360967980494803e-02 7.928988667498877476e+03
7.500261548888311154e+03 3.058893779180852146e+00 1.261360967980494803e-02 7.929983196831634814e+03
7.510261548888311154e+03 1.549639739165609154e+00 1.261360967980494803e-02 7.930133902558853151e+03
7.520261548888311154e+03 4.021124910910681832e-02 1.261360967980494803e-02 7.930133902558853151e+03
