0.000000000000000000e+00 0.000000000000000000e+00 0.000000000000000000e+00 5.000000000000000000e+01 5.935802572080596008e-03 0.000000000000000000e+00 0.000000000000000000e+00 0.000000000000000000e+00 3.477898943329646499e+03
3.432259064882502343e-05 0.000000000000000000e+00 0.000000000000000000e+00 4.999997596349754048e+01 5.935801894442082130e-03 9.675259227847278120e-13 5.994773830026128427e-13 3.923884362727427116e-14 3.477898590476151639e+03
3.432602290788990818e-01 0.000000000000000000e+00 0.000000000000000000e+00 4.975947851810227718e+01 5.929044560950947652e-03 9.693890858923094819e-09 6.002088350679822308e-09 3.931333994689477867e-10 3.474370578251873212e+03
1.343260229078899082e+00 0.000000000000000000e+00 0.000000000000000000e+00 4.905802280723784037e+01 5.909465143066432863e-03 3.803615123233202099e-08 2.366989633596145005e-08 1.542487234879528902e-09 3.464091897549245459e+03
2.343260229078898860e+00 0.000000000000000000e+00 0.000000000000000000e+00 4.835554251549622506e+01 5.890022048974556147e-03 6.651843845309966953e-08 4.178044903751466746e-08 2.697433583525604744e-09 3.453827263206539556e+03
3.343260229078898860e+00 0.000000000000000000e+00 0.000000000000000000e+00 4.765193516686693442e+01 5.870718315185670562e-03 9.515541583798003515e-08 6.027203214809080244e-08 3.858557098343624866e-09 3.443602357110251887e+03
4.343260229078898860e+00 0.000000000000000000e+00 0.000000000000000000e+00 4.694715068501823652e+01 5.851563025402082945e-03 1.239508050108236815e-07 7.908914977133561009e-08 5.026017756934852803e-09 3.433409322099562360e+03
5.343260229078898860e+00 0.000000000000000000e+00 0.000000000000000000e+00 4.624115869341417806e+01 5.832556252364636158e-03 1.529125627108387448e-07 9.821435932911015228e-08 6.200131183001079149e-09 3.423243255963947831e+03
6.343260229078898860e+00 0.000000000000000000e+00 0.000000000000000000e+00 4.553393366029506950e+01 5.813689327070044148e-03 1.820448647768835542e-07 1.176006348201142049e-07 7.381063907109574920e-09 3.413130406616051914e+03
7.343260229078898860e+00 0.000000000000000000e+00 0.000000000000000000e+00 4.482544966650065277e+01 5.794966832198095510e-03 2.113496409495268068e-07 1.371000105631026461e-07 8.568901938266896154e-09 3.403063215545727871e+03
8.343260229078898860e+00 0.000000000000000000e+00 0.000000000000000000e+00 4.411568155466431307e+01 5.776388435392979838e-03 2.408331141678700054e-07 1.567125769192227122e-07 9.763894190677950747e-09 3.393037731777028512e+03
9.343260229078898860e+00 0.000000000000000000e+00 0.000000000000000000e+00 4.340460387959668509e+01 5.757948929152076172e-03 2.704966023429338376e-07 1.765070933609060746e-07 1.096609989230386441e-08 3.383074692255207992e+03
1.034326022907889886e+01 0.000000000000000000e+00 0.000000000000000000e+00 4.269218928787305600e+01 5.739649043382298067e-03 3.003463839803872415e-07 1.964282645119711931e-07 1.217577036296000252e-08 3.373171137042957071e+03
1.134326022907889886e+01 0.000000000000000000e+00 0.000000000000000000e+00 4.197840883805226042e+01 5.721478132677484778e-03 3.303881892414785360e-07 2.164194075115858190e-07 1.339313151080973202e-08 3.363359139278029033e+03
1.234326022907889886e+01 0.000000000000000000e+00 0.000000000000000000e+00 4.126323152918600101e+01 5.703441479862409423e-03 3.606225980448300229e-07 2.364647834721453238e-07 1.461821975259977937e-08 3.353635431218693611e+03
1.334326022907889886e+01 0.000000000000000000e+00 0.000000000000000000e+00 4.054662795793770869e+01 5.685538443113064000e-03 3.910594209816654688e-07 2.565287352754904237e-07 1.585142190164250404e-08 3.343995482455563433e+03
1.434326022907889886e+01 0.000000000000000000e+00 0.000000000000000000e+00 3.982856513942056154e+01 5.667769858852186003e-03 4.216981738487451854e-07 2.766827657687571350e-07 1.709273339890352973e-08 3.334449371178520323e+03
1.534326022907889886e+01 0.000000000000000000e+00 0.000000000000000000e+00 3.910900972194485803e+01 5.650140376334049537e-03 4.525468126898077391e-07 2.970716279388211681e-07 1.834247418933815345e-08 3.324982809458260363e+03
1.634326022907890064e+01 0.000000000000000000e+00 0.000000000000000000e+00 3.838792870682151204e+01 5.632648179627788854e-03 4.836153090053763983e-07 3.177732824197085973e-07 1.960103853962169192e-08 3.315595913558820484e+03
1.734326022907890064e+01 0.000000000000000000e+00 0.000000000000000000e+00 3.766528614640200345e+01 5.615270139259096772e-03 5.149160812822401983e-07 3.387511906196270619e-07 2.086890162353854089e-08 3.306354266606001147e+03
1.834326022907890064e+01 0.000000000000000000e+00 0.000000000000000000e+00 3.694104005944490865e+01 5.598029974982474989e-03 5.464490884379950725e-07 3.599354471098437953e-07 2.214609002438736976e-08 3.297207496385233298e+03
1.934326022907890064e+01 0.000000000000000000e+00 0.000000000000000000e+00 3.621515453946747698e+01 5.580931984084856919e-03 5.782190835259570694e-07 3.813046583179075213e-07 2.343280506390746409e-08 3.288143112624792138e+03
2.034326022907890064e+01 0.000000000000000000e+00 0.000000000000000000e+00 3.548759094367456157e+01 5.563988334796248630e-03 6.102375452141818415e-07 4.028735607095049228e-07 2.472951022344270864e-08 3.279118916297301439e+03
2.134326022907890064e+01 0.000000000000000000e+00 0.000000000000000000e+00 3.475831146642575220e+01 5.547201079018329074e-03 6.425137524366899592e-07 4.247130620910128822e-07 2.603658052278861454e-08 3.270123007722990224e+03
2.234326022907890064e+01 0.000000000000000000e+00 0.000000000000000000e+00 3.402727451985651186e+01 5.530557752229429969e-03 6.750601836933645342e-07 4.467839738600060447e-07 2.735450401551818604e-08 3.261187621152184420e+03
2.334326022907890064e+01 0.000000000000000000e+00 0.000000000000000000e+00 3.329443533960458979e+01 5.514060836477508235e-03 7.078809016299862561e-07 4.690218537625790496e-07 2.868345682758970557e-08 3.252316048175106971e+03
2.434326022907890064e+01 0.000000000000000000e+00 0.000000000000000000e+00 3.255974810908891470e+01 5.497713575780430705e-03 7.409819454435838717e-07 4.914523590902359594e-07 3.002369333155344757e-08 3.243503744540337721e+03
2.534326022907890064e+01 0.000000000000000000e+00 0.000000000000000000e+00 3.182316534133344987e+01 5.481517594008571484e-03 7.743703665350287011e-07 5.140960288111055903e-07 3.137550662286102954e-08 3.234749864778518713e+03
2.634326022907890064e+01 0.000000000000000000e+00 0.000000000000000000e+00 3.108463854493713541e+01 5.465476620968873905e-03 8.080582796947928584e-07 5.370107747628605479e-07 3.273938558947855712e-08 3.226040810318310378e+03
2.734326022907890064e+01 0.000000000000000000e+00 0.000000000000000000e+00 3.034411815264251544e+01 5.449591976269779585e-03 8.420569289437351894e-07 5.602132107327996579e-07 3.411578565526744104e-08 3.217370817116791841e+03
2.834326022907890064e+01 0.000000000000000000e+00 0.000000000000000000e+00 2.960155079359859087e+01 5.433863155710727880e-03 8.763772493905001250e-07 5.836986362446177625e-07 3.550515063745536447e-08 3.208742176355418451e+03
2.934326022907890064e+01 0.000000000000000000e+00 0.000000000000000000e+00 2.885688052556518457e+01 5.418289726137308880e-03 9.110306044585601256e-07 6.074716527567052312e-07 3.690794190809306400e-08 3.200157956452434064e+03
3.034326022907890064e+01 0.000000000000000000e+00 0.000000000000000000e+00 2.811004875894447963e+01 5.402872138890599946e-03 9.460312831602034741e-07 6.315401867279914552e-07 3.832473482028629572e-08 3.191615877336895664e+03
3.134326022907890064e+01 0.000000000000000000e+00 0.000000000000000000e+00 2.736099456652421935e+01 5.387606552579189516e-03 9.813944778464012886e-07 6.558705454436015581e-07 3.975613713107704108e-08 3.183126613134705622e+03
3.234326022907890064e+01 0.000000000000000000e+00 0.000000000000000000e+00 2.660965284311272683e+01 5.372492315179936383e-03 1.017130219253341417e-06 6.804454312283013505e-07 4.120256331470147095e-08 3.174700199144415365e+03
3.334326022907890064e+01 0.000000000000000000e+00 0.000000000000000000e+00 2.585595326107219094e+01 5.357528359128356683e-03 1.053255497636904581e-06 7.051722845207593310e-07 4.266469577947893033e-08 3.166341577928506013e+03
3.434326022907890064e+01 0.000000000000000000e+00 0.000000000000000000e+00 2.509982688319739097e+01 5.342679103130710053e-03 1.089790854546305964e-06 7.297433725013315620e-07 4.414331961338403667e-08 3.158159258362180481e+03
3.534326022907890064e+01 0.000000000000000000e+00 0.000000000000000000e+00 2.434118713191869077e+01 5.327883894365777022e-03 1.126760861684754099e-06 7.547217174485899781e-07 4.563934496336824375e-08 3.150354047608990186e+03
3.634326022907890064e+01 0.000000000000000000e+00 0.000000000000000000e+00 2.357993433017646723e+01 5.313150711429436186e-03 1.164112218697974483e-06 7.802300195395963125e-07 4.715076623126076809e-08 3.143018069726553676e+03
3.734326022907890064e+01 0.000000000000000000e+00 0.000000000000000000e+00 2.281596556954735178e+01 5.298553735064014981e-03 1.201886899914912578e-06 8.062075412903990433e-07 4.867929495721227633e-08 3.135922592364870980e+03
3.834326022907890064e+01 0.000000000000000000e+00 0.000000000000000000e+00 2.204919376396420105e+01 5.284129129246135752e-03 1.240121454468392594e-06 8.326125479245789893e-07 5.022641507222876175e-08 3.128931488913854992e+03
3.934326022907890064e+01 0.000000000000000000e+00 0.000000000000000000e+00 2.127952501415617448e+01 5.269891836180144729e-03 1.278848017181319631e-06 8.594327088716024514e-07 5.179342150578125760e-08 3.121986943297775724e+03
4.034326022907890064e+01 0.000000000000000000e+00 0.000000000000000000e+00 2.050686016301369108e+01 5.255846799272105747e-03 1.318094834703688746e-06 8.866078790919332553e-07 5.338145258577319032e-08 3.115070267187522404e+03
4.134326022907890064e+01 0.000000000000000000e+00 0.000000000000000000e+00 1.973109135078512466e+01 5.241984164540682174e-03 1.357890097423067254e-06 9.141877204651231523e-07 5.499163166404063607e-08 3.108212679850445966e+03
4.234326022907890064e+01 0.000000000000000000e+00 0.000000000000000000e+00 1.895210483772836696e+01 5.228303422215265471e-03 1.398252323636416272e-06 9.421033697490187323e-07 5.662472443160201574e-08 3.101430671918622465e+03
4.334326022907890064e+01 0.000000000000000000e+00 0.000000000000000000e+00 1.816977773964993403e+01 5.214788183379362625e-03 1.439200394969072048e-06 9.703700571184772195e-07 5.828149563038071275e-08 3.094791882545331646e+03
4.434326022907890064e+01 0.000000000000000000e+00 0.000000000000000000e+00 1.738397214836590621e+01 5.201448331946926552e-03 1.480756105565836629e-06 9.990661792442350896e-07 5.996285734265475430e-08 3.088287984850261182e+03
4.534326022907890064e+01 0.000000000000000000e+00 0.000000000000000000e+00 1.659454614593507316e+01 5.188298813843740705e-03 1.522960951684210115e-06 1.028252907694154640e-06 6.167049213863469675e-08 3.081871950560356254e+03
4.634326022907890064e+01 0.000000000000000000e+00 0.000000000000000000e+00 1.580135148332532502e+01 5.175347371441177576e-03 1.565857550981365253e-06 1.057904921486563916e-06 6.340612418559683538e-08 3.075517683427337488e+03
4.734326022907890064e+01 0.000000000000000000e+00 0.000000000000000000e+00 1.500422629214058290e+01 5.162599386947958405e-03 1.609487200263231319e-06 1.087917518831175233e-06 6.517143207082386623e-08 3.069212937468575547e+03
4.834326022907890064e+01 0.000000000000000000e+00 0.000000000000000000e+00 1.420299976426266575e+01 5.150058620266574974e-03 1.653911998717511511e-06 1.118428802774223516e-06 6.696889494922255719e-08 3.062936809926047317e+03
4.934326022907890064e+01 0.000000000000000000e+00 0.000000000000000000e+00 1.339748229228371379e+01 5.137714082249538600e-03 1.699173297168948963e-06 1.149593813215890567e-06 6.880018704214455843e-08 3.056737191523386173e+03
5.034326022907890064e+01 0.000000000000000000e+00 0.000000000000000000e+00 1.258746652538611954e+01 5.125566149841752524e-03 1.745300081051350546e-06 1.181392048797476422e-06 7.066653274795004051e-08 3.050645108136011459e+03
5.134326022907890064e+01 0.000000000000000000e+00 0.000000000000000000e+00 1.177272629716202168e+01 5.113620142782650431e-03 1.792359307380971985e-06 1.213766579002611112e-06 7.257063050100160800e-08 3.044650911554886079e+03
5.234326022907890064e+01 0.000000000000000000e+00 0.000000000000000000e+00 1.095301708365700932e+01 5.101881095748367519e-03 1.840418529146310935e-06 1.246714401117089918e-06 7.451521673221324247e-08 3.038748686773320514e+03
5.334326022907890064e+01 0.000000000000000000e+00 0.000000000000000000e+00 1.012806831681195874e+01 5.090333838877868049e-03 1.889550791584663631e-06 1.280206639653841975e-06 7.650321598933280744e-08 3.033001170978184291e+03
5.434326022907890064e+01 0.000000000000000000e+00 0.000000000000000000e+00 9.297575237690887562e+00 5.078993702760540262e-03 1.939841156476421142e-06 1.314543991328832896e-06 7.853808469557303898e-08 3.027380718858325054e+03
5.534326022907890064e+01 0.000000000000000000e+00 0.000000000000000000e+00 8.461212993601311183e+00 5.067854726381470706e-03 1.991354052669278724e-06 1.349793181591078136e-06 8.062247208284465014e-08 3.021939206330471734e+03
5.634326022907890064e+01 0.000000000000000000e+00 0.000000000000000000e+00 7.618611114270341211e+00 5.056941481026471820e-03 2.044202188606426618e-06 1.385966581748925516e-06 8.276096162197807975e-08 3.016617771549360441e+03
5.734326022907890064e+01 0.000000000000000000e+00 0.000000000000000000e+00 6.769360361970400142e+00 5.046263137521172018e-03 2.098507333987536790e-06 1.423104473912005884e-06 8.495849338027398630e-08 3.011403160460249637e+03
5.834326022907890064e+01 0.000000000000000000e+00 0.000000000000000000e+00 5.912988642676308970e+00 5.035829761961908846e-03 2.154408151356013132e-06 1.461259360833386880e-06 8.722069755905031808e-08 3.006287759638153602e+03
5.934326022907890064e+01 0.000000000000000000e+00 0.000000000000000000e+00 5.048974794689872425e+00 5.025651516283479413e-03 2.212061061360060637e-06 1.500621810142801074e-06 8.955392790528292224e-08 3.001265337946542331e+03
6.034326022907890064e+01 0.000000000000000000e+00 0.000000000000000000e+00 4.176826242439190651e+00 5.015735303938382607e-03 2.271615337989888052e-06 1.541289993179228341e-06 9.196424598717858915e-08 2.996339115479188422e+03
6.134326022907890064e+01 0.000000000000000000e+00 0.000000000000000000e+00 3.295822993463127570e+00 5.006090395464364746e-03 2.333293690912865985e-06 1.583413895863008263e-06 9.446069195221967450e-08 2.991516258086048310e+03
6.234326022907890064e+01 0.000000000000000000e+00 0.000000000000000000e+00 2.405123834249113912e+00 4.996727178192743833e-03 2.397368854130078007e-06 1.627202068102024003e-06 9.705432241104111444e-08 2.986803639323865809e+03
6.334326022907890064e+01 0.000000000000000000e+00 0.000000000000000000e+00 1.503760039369297141e+00 4.987658015960045634e-03 2.464162268433317048e-06 1.672880880182472917e-06 9.975817511704626697e-08 2.982207869397074319e+03
6.434326022907890774e+01 0.000000000000000000e+00 0.000000000000000000e+00 5.906047454637745053e-01 4.978896703974393552e-03 2.534054756258892024e-06 1.720699648844323173e-06 1.025877032571312770e-07 2.977738916654957848e+03
